Car 0.0 0 -1.71 679.99 181.90 752.05 240.07 1.51 1.60 3.69 2.96 1.80 21.07 -1.57 5.53
Car 0.0 0 -2.80 344.35 179.24 499.12 232.57 1.42 1.64 4.00 -5.51 1.65 21.29 -3.05 2.84
Car 0.0 0 -1.98 784.41 174.62 1121.72 374.86 1.55 1.60 3.69 2.98 1.60 7.21 -1.58 6.41
Car 0.0 0 -2.71 282.12 178.13 473.90 250.38 1.55 1.62 3.76 -5.34 1.70 16.77 -3.01 2.98
Car 0.0 0 -2.75 227.90 185.43 439.40 259.43 1.44 1.61 3.88 -5.81 1.74 15.35 -3.11 3.16
Car 0.0 0 -0.51 722.91 175.02 834.34 222.65 1.57 1.59 3.71 6.07 1.70 26.16 -0.28 1.21
Car 0.0 0 1.22 134.06 174.65 214.06 211.39 1.52 1.63 4.08 -19.29 1.64 31.73 0.68 0.55
Car 0.0 0 -1.59 633.49 178.08 658.60 200.70 1.55 1.61 3.84 2.50 1.94 51.05 -1.54 0.45
Car 0.0 0 -2.96 450.22 178.01 523.48 210.81 1.58 1.57 3.61 -6.31 1.88 36.72 -3.13 0.56
Car 0.0 0 -2.66 135.71 186.08 342.94 274.99 1.52 1.62 3.72 -7.25 1.84 14.13 -3.13 1.14
Car 0.0 0 -2.81 402.73 176.09 515.47 218.73 1.60 1.65 4.08 -6.05 1.77 28.83 -3.01 0.43
