Car 0.0 0 1.27 747.71 171.84 934.07 306.06 1.60 1.55 3.52 3.13 1.62 10.53 1.56 8.21
Car 0.0 0 -1.72 679.82 182.71 742.45 228.42 1.39 1.57 3.74 3.33 1.75 24.64 -1.59 4.85
Car 0.0 0 -2.73 192.31 182.00 398.86 256.32 1.45 1.63 3.85 -6.86 1.70 15.87 -3.14 5.55
Car 0.0 0 -2.84 290.82 175.64 459.90 245.92 1.62 1.64 3.75 -5.86 1.72 18.10 3.13 4.67
Car 0.0 0 -2.72 355.30 174.54 499.92 231.15 1.63 1.64 3.88 -5.58 1.71 22.13 -2.96 2.60
Car 0.0 0 -2.52 455.41 175.97 542.16 211.16 1.43 1.56 3.46 -4.94 1.60 31.78 -2.67 2.06
Car 0.0 0 -2.61 -39.47 184.53 286.97 310.47 1.47 1.65 4.13 -6.89 1.67 10.03 3.08 3.90
Car 0.0 0 -2.04 827.84 183.41 1217.25 370.59 1.46 1.55 3.76 3.28 1.62 6.51 -1.56 2.61
Car 0.0 0 -2.60 477.72 176.05 550.13 203.42 1.44 1.54 3.66 -5.22 1.62 38.93 -2.73 0.39
Car 0.0 0 -2.72 397.28 175.11 513.33 220.55 1.48 1.58 3.76 -5.51 1.60 25.57 -2.93 0.43
