Car 0.0 0 1.95 169.81 199.98 365.36 308.77 1.49 1.66 4.26 -5.80 2.01 12.76 1.53 8.26
Car 0.0 0 1.86 316.77 195.78 429.42 262.47 1.47 1.62 3.98 -5.94 2.07 18.44 1.55 6.36
Car 0.0 0 2.81 808.07 157.02 944.82 205.59 1.67 1.73 4.40 9.58 1.12 26.29 -3.13 3.66
Car 0.0 0 1.84 384.83 192.16 463.42 245.30 1.52 1.60 3.88 -5.97 2.17 23.46 1.59 4.71
Car 0.0 0 1.76 432.59 189.46 491.77 229.23 1.44 1.66 4.22 -5.90 2.13 29.04 1.56 2.71
Car 0.0 0 1.76 474.28 186.82 522.06 218.96 1.43 1.66 4.11 -5.48 2.16 35.63 1.61 1.79
Car 0.0 0 -1.68 664.60 178.68 708.89 215.27 1.54 1.57 3.70 3.43 1.84 33.16 -1.58 1.43
Car 0.0 0 0.12 743.62 162.82 866.38 200.71 1.45 1.68 4.45 8.02 1.09 29.73 0.39 1.20
Car 0.0 0 -1.66 655.31 178.13 693.44 208.56 1.47 1.64 4.13 3.32 1.78 38.22 -1.57 0.37
Car 0.0 0 2.29 1071.83 142.30 1164.58 175.28 1.47 1.64 4.09 24.40 0.04 34.59 2.90 0.31
