Car 0.0 0 -1.84 685.86 186.91 797.27 260.89 1.48 1.54 3.47 2.86 1.82 16.69 -1.66 6.58
Car 0.0 0 -2.62 93.46 192.29 362.60 290.12 1.43 1.63 3.82 -6.44 1.79 12.16 -3.10 7.08
Car 0.0 0 -1.72 649.60 181.60 709.71 225.37 1.44 1.64 4.09 2.42 1.79 26.40 -1.63 4.44
Car 0.0 0 -2.89 286.61 184.08 447.12 244.26 1.50 1.62 3.87 -6.63 1.85 19.86 3.07 4.27
Car 0.0 0 -2.88 179.27 186.38 395.79 267.40 1.51 1.63 3.85 -6.67 1.84 15.07 2.99 3.78
Car 0.0 0 -2.94 409.90 177.23 514.11 219.75 1.58 1.62 3.95 -5.86 1.79 28.59 -3.14 2.00
Car 0.0 0 -2.73 221.23 188.27 404.13 256.71 1.42 1.58 3.68 -6.84 1.81 16.65 -3.12 1.25
Car 0.0 0 1.49 628.81 174.29 657.21 199.52 1.65 1.64 4.01 2.16 1.77 49.01 1.53 0.43
Car 0.0 0 -1.63 643.16 181.51 680.30 213.04 1.40 1.55 3.58 2.42 1.84 35.11 -1.56 0.68
Car 0.0 0 -2.73 361.04 187.48 470.47 229.64 1.42 1.56 3.51 -6.93 1.96 25.78 -2.99 0.74
