Car 0.0 0 -1.72 661.78 176.37 739.34 236.95 1.52 1.63 3.93 2.43 1.64 20.53 -1.59 5.86
Car 0.0 0 -2.78 237.96 183.81 438.26 251.12 1.42 1.62 3.90 -6.06 1.68 16.25 -3.13 3.86
Car 0.0 0 -2.95 305.76 180.31 473.84 240.60 1.54 1.67 4.15 -6.07 1.78 20.09 3.05 3.20
Car 0.0 0 -2.90 399.51 177.09 509.77 220.67 1.53 1.63 3.85 -5.77 1.71 26.88 -3.11 2.37
Car 0.0 0 -1.68 646.35 180.82 695.23 217.88 1.42 1.57 3.77 2.50 1.80 30.95 -1.59 1.44
Car 0.0 0 -2.73 476.62 176.30 544.03 204.32 1.63 1.64 3.80 -6.12 1.89 44.17 -2.87 0.80
Car 0.0 0 -2.93 335.87 177.51 483.42 234.69 1.62 1.66 4.02 -5.93 1.78 21.61 3.08 1.65
Car 0.0 0 -1.62 634.84 180.49 665.45 206.02 1.44 1.59 3.84 2.31 1.90 42.84 -1.56 0.98
Car 0.0 0 -2.71 433.63 173.51 524.50 214.51 1.72 1.63 3.79 -5.83 1.79 31.89 -2.88 0.58
Car 0.0 0 -2.63 452.58 177.62 528.80 209.13 1.57 1.58 3.61 -6.29 1.84 37.82 -2.79 0.31
