Car 0.0 0 -2.77 61.96 183.58 349.00 288.35 1.42 1.62 3.80 -6.27 1.64 11.36 3.01 6.56
Car 0.0 0 2.82 721.16 178.87 862.72 232.31 1.54 1.65 4.05 5.59 1.77 22.71 3.06 3.23
Car 0.0 0 0.98 356.96 183.86 456.72 228.91 1.40 1.52 3.48 -7.22 1.84 25.27 0.70 1.53
Car 0.0 0 -1.94 786.02 194.12 1101.01 378.05 1.47 1.54 3.47 2.92 1.70 7.08 -1.54 3.59
Car 0.0 0 -2.69 394.01 183.12 492.72 218.09 1.44 1.61 3.83 -7.17 1.89 31.05 -2.92 0.85
Car 0.0 0 -2.71 445.80 178.08 527.71 209.72 1.55 1.59 3.78 -6.23 1.82 36.25 -2.88 0.53
Car 0.0 0 -2.62 430.74 180.98 519.88 215.76 1.44 1.54 3.48 -5.98 1.83 31.89 -2.80 0.53
Car 0.0 0 -0.54 780.72 183.44 959.88 257.26 1.43 1.57 3.79 5.59 1.68 15.60 -0.19 0.99
Car 0.0 0 -2.99 479.95 177.02 539.93 202.76 1.55 1.56 3.57 -6.16 1.81 44.17 -3.13 0.28
Car 0.0 0 -1.68 634.82 161.81 694.28 218.90 1.96 1.74 4.47 2.01 1.64 28.08 -1.60 0.50
