Car 0.0 0 2.02 127.90 193.31 378.34 329.65 1.47 1.58 3.83 -4.69 1.78 10.06 1.59 8.47
Car 0.0 0 1.87 329.75 187.51 457.69 265.18 1.49 1.60 3.92 -4.76 1.84 16.37 1.59 6.90
Car 0.0 0 -1.86 780.26 181.71 978.83 304.88 1.46 1.62 3.81 3.78 1.63 10.90 -1.52 8.48
Car 0.0 0 -1.79 727.35 178.02 841.71 256.28 1.51 1.61 3.84 3.72 1.64 16.23 -1.56 6.57
Car 0.0 0 1.70 508.19 178.05 549.54 210.08 1.55 1.64 4.00 -4.20 1.84 37.55 1.59 2.53
Car 0.0 0 -1.74 701.67 175.80 777.22 233.16 1.52 1.64 4.01 3.79 1.66 21.89 -1.56 4.31
Car 0.0 0 1.83 406.58 183.94 494.27 239.65 1.45 1.64 4.08 -4.74 1.82 21.83 1.62 4.35
Car 0.0 0 -2.08 917.55 170.62 983.25 202.33 1.71 1.65 4.00 18.96 1.60 40.50 -1.64 1.31
Car 0.0 0 -1.68 689.02 174.87 737.49 214.80 1.58 1.61 3.92 4.38 1.71 31.25 -1.54 1.71
Car 0.0 0 -2.14 964.41 171.08 1074.38 215.69 1.65 1.71 4.28 16.82 1.63 30.03 -1.62 1.29
Car 0.0 0 -1.66 695.09 176.16 748.04 219.75 1.55 1.60 3.90 4.22 1.70 27.90 -1.50 1.38
Car 0.0 0 1.76 523.70 176.86 563.23 204.09 1.49 1.60 3.86 -3.90 1.77 42.71 1.67 0.74
