Car 0.0 0 -1.73 668.67 173.81 766.94 249.44 1.60 1.63 3.85 2.44 1.65 17.43 -1.59 6.24
Car 0.0 0 -2.73 105.38 180.01 384.34 275.71 1.44 1.63 3.87 -6.18 1.62 12.44 3.10 6.10
Car 0.0 0 -2.86 232.67 181.62 435.63 255.11 1.45 1.64 3.94 -6.10 1.70 16.12 3.06 4.69
Car 0.0 0 -2.91 461.15 173.43 536.25 204.85 1.66 1.64 3.86 -6.17 1.72 39.94 -3.06 1.41
Car 0.0 0 -1.69 650.78 178.05 706.73 220.54 1.45 1.61 3.95 2.52 1.70 27.71 -1.60 2.50
Car 0.0 0 -2.88 288.84 176.70 452.21 242.31 1.63 1.64 3.89 -6.32 1.75 19.17 3.08 2.67
Car 0.0 0 -1.62 637.63 179.63 670.65 206.50 1.41 1.57 3.76 2.37 1.79 39.97 -1.56 1.52
Car 0.0 0 -2.94 369.73 173.89 497.66 223.78 1.57 1.64 3.95 -5.74 1.62 23.71 3.10 2.20
Car 0.0 0 -2.90 337.14 172.95 483.05 230.41 1.64 1.66 3.93 -6.03 1.67 21.93 3.11 2.20
Car 0.0 0 -2.91 399.55 173.61 510.05 219.40 1.64 1.63 3.87 -5.89 1.70 27.40 -3.12 1.06
Car 0.0 0 -2.70 444.39 176.31 521.52 208.88 1.56 1.57 3.52 -6.37 1.75 36.00 -2.88 0.42
