Car 0.0 0 -1.69 631.50 178.55 685.49 219.64 1.41 1.61 3.94 1.70 1.65 27.11 -1.63 4.26
Car 0.0 0 2.53 865.61 187.80 1188.35 311.79 1.48 1.65 4.10 5.96 1.76 10.33 3.05 5.74
Car 0.0 0 -1.64 615.24 175.19 647.23 203.24 1.53 1.58 3.78 1.15 1.69 42.12 -1.61 1.22
Car 0.0 0 -2.53 -57.80 155.92 272.28 335.08 1.68 1.70 4.00 -5.96 1.54 7.54 3.09 1.68
Car 0.0 0 -0.04 812.21 184.77 1062.06 279.30 1.45 1.58 3.84 5.53 1.70 12.61 0.37 1.38
Car 0.0 0 -2.57 432.82 177.07 502.32 210.89 1.54 1.55 3.54 -6.97 1.78 35.19 -2.76 0.45
Car 0.0 0 -0.54 346.71 180.10 486.35 230.34 1.45 1.59 3.79 -6.21 1.73 22.98 -0.80 0.67
Car 0.0 0 -2.67 -96.68 159.70 297.47 298.19 1.55 1.63 4.28 -6.49 1.44 9.30 3.01 0.97
Car 0.0 0 2.57 785.95 180.48 974.48 257.63 1.61 1.63 3.99 6.25 1.84 16.90 2.93 0.63
Car 0.0 0 -2.67 291.87 177.95 443.95 235.26 1.52 1.61 4.00 -7.22 1.74 21.59 -2.99 0.57
