Car 0.0 0 -2.84 278.93 181.32 433.29 240.58 1.50 1.61 3.73 -7.02 1.76 20.03 3.11 3.63
Car 0.0 0 -0.32 721.34 183.40 838.47 227.80 1.42 1.57 3.61 5.77 1.80 24.94 -0.09 2.39
Car 0.0 0 -1.86 752.08 191.31 991.90 342.59 1.46 1.59 3.85 2.88 1.72 9.05 -1.54 5.57
Car 0.0 0 0.34 340.55 171.57 475.64 232.11 1.77 1.65 3.85 -6.29 1.77 22.48 0.07 1.98
Car 0.0 0 -0.22 712.71 179.13 823.52 224.65 1.55 1.59 3.67 5.62 1.80 26.05 -0.01 1.71
Car 0.0 0 -1.65 635.77 178.55 668.77 206.76 1.52 1.59 3.76 2.35 1.87 41.43 -1.59 1.27
Car 0.0 0 -2.59 203.53 180.25 419.87 256.70 1.44 1.62 3.91 -6.24 1.64 15.20 -2.97 2.37
Car 0.0 0 -2.77 431.88 177.00 525.83 212.60 1.45 1.59 3.88 -5.86 1.69 32.16 -2.94 0.78
Car 0.0 0 -0.94 762.84 180.71 907.77 242.73 1.42 1.55 3.72 5.91 1.63 18.67 -0.63 1.26
Car 0.0 0 -2.60 155.72 181.86 409.95 263.32 1.40 1.59 3.91 -6.09 1.60 13.57 -3.02 1.39
Car 0.0 0 -2.67 788.19 176.12 1062.27 278.74 1.45 1.63 3.99 5.35 1.59 12.21 -2.26 1.49
Car 0.0 0 -2.66 808.52 175.49 1076.86 272.04 1.47 1.65 4.08 5.85 1.58 12.71 -2.22 1.39
Car 0.0 0 -0.89 752.63 179.95 877.01 232.73 1.46 1.59 3.75 6.35 1.72 22.36 -0.61 0.76
Car 0.0 0 0.67 -44.21 183.84 179.34 256.83 1.51 1.61 4.14 -13.04 1.80 17.05 0.02 0.62
Car 0.0 0 -2.64 -119.83 182.19 316.19 342.76 1.47 1.61 4.06 -5.50 1.62 7.63 3.02 1.33
