Car 0.0 0 -1.80 701.38 188.42 821.80 269.92 1.41 1.58 3.66 2.95 1.77 14.98 -1.60 7.15
Car 0.0 0 0.59 -135.64 187.63 237.96 345.77 1.55 1.59 3.96 -6.67 1.76 8.21 -0.09 5.04
Car 0.0 0 -2.61 183.38 178.43 424.12 266.94 1.46 1.62 3.78 -5.73 1.62 13.59 -3.01 3.87
Car 0.0 0 -2.94 762.69 190.03 881.77 236.65 1.40 1.56 3.48 6.68 1.94 22.55 -2.65 3.01
Car 0.0 0 -3.02 270.27 179.11 454.71 242.13 1.46 1.65 4.24 -6.18 1.65 18.17 2.94 1.89
Car 0.0 0 -2.74 141.86 173.37 398.99 281.53 1.67 1.64 3.82 -5.76 1.72 12.37 3.11 2.50
Car 0.0 0 -2.46 454.47 179.54 528.21 207.26 1.44 1.57 3.63 -6.47 1.81 39.07 -2.62 0.81
Car 0.0 0 -2.52 404.69 179.35 500.78 218.42 1.42 1.50 3.49 -6.22 1.70 28.29 -2.73 0.76
Car 0.0 0 -1.47 717.55 178.14 811.86 237.01 1.45 1.58 3.59 4.34 1.64 20.18 -1.26 0.99
Car 0.0 0 2.80 690.90 177.53 785.22 218.52 1.51 1.55 3.67 5.29 1.78 29.73 2.98 0.53
Car 0.0 0 -1.42 735.17 180.58 824.85 241.10 1.48 1.65 3.83 4.81 1.75 20.37 -1.19 1.11
Car 0.0 0 -2.58 -22.81 186.63 301.57 303.28 1.43 1.61 4.08 -6.65 1.66 10.17 3.13 1.17
