Car 0.0 0 1.89 244.85 198.43 394.94 278.06 1.41 1.66 4.23 -6.07 1.99 15.59 1.53 7.03
Car 0.0 0 1.82 375.69 189.98 467.96 242.00 1.45 1.74 4.50 -6.03 2.06 23.48 1.57 5.36
Car 0.0 0 2.37 1037.53 135.74 1262.25 247.71 1.46 1.68 4.85 9.79 0.89 12.17 3.06 4.54
Car 0.0 0 -1.76 701.49 173.68 803.39 244.88 1.50 1.64 3.98 3.34 1.57 17.79 -1.57 6.04
Car 0.0 0 -1.70 682.86 173.81 753.31 230.58 1.58 1.65 3.87 3.21 1.64 22.37 -1.56 5.01
Car 0.0 0 2.10 -2.88 209.57 275.60 358.20 1.47 1.54 3.67 -5.90 2.00 9.30 1.54 6.94
Car 0.0 0 1.76 435.26 186.50 495.09 226.87 1.44 1.66 4.17 -5.79 2.03 29.13 1.56 2.57
Car 0.0 0 -1.67 661.62 178.24 711.59 213.13 1.40 1.61 3.96 3.28 1.66 31.72 -1.57 1.67
Car 0.0 0 1.86 478.67 186.56 525.50 214.73 1.45 1.61 3.87 -5.89 2.22 39.61 1.71 0.91
Car 0.0 0 2.68 910.15 148.03 1114.43 226.04 1.63 1.67 4.10 9.12 1.10 16.51 -3.10 1.45
Car 0.0 0 -3.14 850.94 154.67 1010.37 217.27 1.75 1.67 4.31 9.47 1.27 21.52 -2.72 0.54
Car 0.0 0 -1.66 642.68 176.89 675.03 202.10 1.46 1.59 3.91 2.92 1.72 44.31 -1.60 0.29
