Car 0.0 0 -1.83 717.55 187.17 868.42 292.93 1.45 1.59 3.65 2.89 1.74 12.39 -1.60 7.96
Car 0.0 0 -1.70 666.15 183.75 725.65 230.61 1.42 1.58 3.51 2.75 1.80 24.16 -1.59 4.84
Car 0.0 0 0.43 338.34 181.76 482.53 229.31 1.43 1.64 4.10 -6.39 1.74 23.28 0.17 3.07
Car 0.0 0 -1.97 783.22 195.05 1138.71 376.28 1.47 1.58 3.87 2.94 1.76 7.21 -1.57 5.87
Car 0.0 0 -2.73 193.98 179.81 414.33 264.68 1.47 1.62 3.74 -5.96 1.66 14.14 -3.12 4.09
Car 0.0 0 -2.91 385.12 175.64 507.35 221.67 1.64 1.68 4.28 -6.09 1.77 26.99 -3.13 1.93
Car 0.0 0 -1.65 646.16 179.70 687.76 214.03 1.48 1.57 3.73 2.54 1.81 33.37 -1.58 1.84
Car 0.0 0 -2.90 428.27 177.39 527.03 216.52 1.65 1.65 3.90 -5.60 1.84 30.65 -3.08 1.57
Car 0.0 0 -2.90 463.69 181.52 532.31 210.88 1.56 1.60 3.68 -6.27 2.06 40.21 -3.05 0.85
Car 0.0 0 0.60 35.42 167.25 334.42 272.96 1.51 1.61 4.17 -6.96 1.47 11.81 0.07 1.34
Car 0.0 0 -2.91 401.53 174.70 520.92 218.78 1.68 1.67 4.23 -5.63 1.75 27.61 -3.11 0.63
Car 0.0 0 -1.64 639.08 178.78 671.51 206.83 1.51 1.65 4.17 2.52 1.87 41.60 -1.58 0.43
Car 0.0 0 -2.99 487.29 180.92 541.06 205.29 1.53 1.55 3.51 -6.25 2.06 46.80 -3.12 0.31
Car 0.0 0 -2.65 78.06 171.84 398.20 282.50 1.50 1.62 4.07 -5.62 1.54 11.03 -3.12 0.98
