Car 0.0 0 1.91 258.87 194.60 386.86 274.15 1.58 1.56 3.73 -6.54 2.11 16.82 1.54 7.07
Car 0.0 0 2.73 870.16 156.62 1116.48 242.59 1.74 1.75 4.74 8.23 1.42 15.83 -3.07 4.97
Car 0.0 0 -1.70 669.17 181.30 735.39 231.96 1.39 1.63 3.47 2.72 1.68 22.30 -1.58 5.21
Car 0.0 0 2.88 774.49 165.45 920.04 213.04 1.59 1.72 4.59 8.11 1.34 25.14 -3.09 2.26
Car 0.0 0 2.94 780.51 162.54 927.73 210.29 1.65 1.71 4.67 8.65 1.31 25.98 -3.01 2.00
Car 0.0 0 1.74 468.77 184.19 510.02 214.04 1.50 1.63 3.94 -6.59 2.15 39.61 1.57 1.84
Car 0.0 0 2.11 28.92 205.31 363.64 379.91 1.46 1.54 3.60 -3.98 1.82 7.40 1.62 4.91
Car 0.0 0 -1.05 1177.52 133.48 1282.58 183.79 1.62 1.70 4.28 21.43 0.29 24.88 -0.34 0.85
Car 0.0 0 -1.36 403.24 183.08 477.33 231.53 1.56 1.68 4.32 -6.15 1.98 26.45 -1.58 0.88
Car 0.0 0 2.73 687.22 166.77 768.69 197.53 1.59 1.60 4.22 6.86 1.34 42.19 2.89 0.20
Car 0.0 0 2.77 835.58 158.31 1022.72 229.52 1.73 1.69 4.24 8.00 1.38 18.39 -3.10 0.60
