Car 0.0 0 -1.86 729.76 175.17 890.86 274.63 1.48 1.67 4.31 3.43 1.57 13.39 -1.61 8.12
Car 0.0 0 1.87 315.97 191.13 436.87 258.17 1.48 1.65 4.15 -5.88 1.98 18.57 1.56 6.26
Car 0.0 0 2.08 64.05 204.17 326.71 323.26 1.42 1.62 4.13 -6.11 1.94 11.17 1.58 7.09
Car 0.0 0 1.81 398.19 186.74 474.53 234.93 1.44 1.64 4.11 -5.81 1.93 24.45 1.58 5.08
Car 0.0 0 -1.74 697.73 175.11 789.83 243.32 1.53 1.62 3.93 3.31 1.63 18.73 -1.56 6.17
Car 0.0 0 1.87 459.89 185.48 516.10 217.77 1.43 1.59 3.90 -5.90 2.07 35.14 1.71 2.30
Car 0.0 0 1.43 671.99 177.95 725.12 220.28 1.51 1.56 3.70 3.28 1.72 27.65 1.55 2.58
Car 0.0 0 -1.69 647.08 176.98 685.53 205.03 1.44 1.64 4.10 3.10 1.72 40.92 -1.61 1.07
Car 0.0 0 -1.66 660.80 179.39 702.51 210.97 1.41 1.57 3.83 3.39 1.76 35.08 -1.57 1.22
Car 0.0 0 2.69 1014.84 124.66 1273.77 255.02 1.62 1.64 3.91 7.63 0.98 9.91 -2.93 1.50
