Car 0.0 0 1.95 205.69 200.80 370.64 292.02 1.46 1.59 3.82 -6.11 2.04 14.10 1.55 7.47
Car 0.0 0 1.89 316.61 190.97 426.01 260.40 1.60 1.58 3.78 -6.19 2.10 19.05 1.58 5.51
Car 0.0 0 1.81 389.31 188.27 466.96 235.91 1.47 1.69 4.24 -6.33 2.04 25.39 1.57 4.58
Car 0.0 0 2.68 845.35 148.12 1019.06 209.83 1.69 1.71 4.41 9.44 1.01 21.43 3.09 3.60
Car 0.0 0 1.76 448.79 185.84 504.38 221.74 1.43 1.70 4.35 -5.87 2.03 32.02 1.58 2.87
Car 0.0 0 -0.89 1145.77 134.41 1252.88 174.58 1.47 1.65 4.01 23.43 -0.02 28.66 -0.20 1.48
Car 0.0 0 -1.65 647.23 176.62 679.57 203.25 1.45 1.61 3.94 3.08 1.71 42.62 -1.57 1.02
Car 0.0 0 -1.70 657.74 175.35 705.75 213.49 1.51 1.59 3.85 2.97 1.65 31.11 -1.60 1.49
Car 0.0 0 2.50 799.87 151.74 941.88 198.39 1.59 1.67 4.45 9.76 0.86 27.10 2.85 0.84
Car 0.0 0 0.05 761.44 159.93 896.24 202.24 1.51 1.70 4.50 8.16 1.06 27.12 0.34 1.05
Car 0.0 0 -1.68 668.57 175.79 722.01 219.58 1.54 1.60 3.83 3.16 1.67 27.64 -1.57 1.11
Car 0.0 0 2.15 -2.89 208.94 261.83 375.85 1.61 1.61 3.87 -6.07 2.08 8.30 1.52 1.45
Car 0.0 0 2.21 10.48 214.30 252.45 382.83 1.58 1.58 3.58 -5.75 2.07 8.11 1.60 1.18
Car 0.0 0 1.78 504.26 181.46 538.64 205.34 1.48 1.58 3.77 -5.74 2.05 46.89 1.66 0.35
