Car 0.0 0 -1.71 679.97 177.06 780.52 259.34 1.55 1.59 3.85 2.48 1.67 15.99 -1.55 6.90
Car 0.0 0 -1.71 664.49 180.53 732.96 234.42 1.44 1.60 3.66 2.51 1.70 21.59 -1.59 4.82
Car 0.0 0 -2.88 229.34 185.24 432.35 258.69 1.44 1.63 3.86 -6.12 1.76 15.96 3.04 3.67
Car 0.0 0 -1.67 645.85 177.09 694.22 217.13 1.54 1.59 3.76 2.38 1.74 30.04 -1.59 2.41
Car 0.0 0 -2.73 447.42 175.78 541.17 209.28 1.47 1.64 4.00 -5.47 1.65 33.98 -2.88 1.00
Car 0.0 0 -2.66 409.91 176.20 518.00 220.31 1.57 1.59 3.79 -5.68 1.75 27.94 -2.86 1.00
Car 0.0 0 -1.58 636.30 180.26 663.98 205.58 1.44 1.55 3.71 2.28 1.86 42.39 -1.52 0.46
Car 0.0 0 -2.59 -7.82 165.68 331.71 333.26 1.62 1.67 4.04 -5.38 1.58 7.41 3.07 1.16
Car 0.0 0 -2.02 801.53 194.59 1264.69 399.34 1.52 1.58 3.83 2.75 1.76 5.58 -1.55 1.65
Car 0.0 0 -2.03 807.48 193.49 1228.15 384.25 1.50 1.56 3.78 2.88 1.76 5.98 -1.57 1.48
