Car 0.0 0 -2.65 133.45 183.35 384.08 271.95 1.47 1.66 3.92 -6.57 1.72 13.67 -3.09 7.63
Car 0.0 0 -0.26 786.25 188.32 955.26 248.99 1.51 1.65 4.03 7.06 1.99 19.93 0.08 4.12
Car 0.0 0 -0.34 704.54 183.70 799.39 222.20 1.52 1.58 3.63 5.98 2.02 30.80 -0.15 2.29
Car 0.0 0 0.48 329.20 182.17 498.15 239.28 1.43 1.62 4.11 -5.41 1.73 20.01 0.22 2.62
Car 0.0 0 -0.44 769.88 185.91 905.48 241.53 1.56 1.61 3.63 6.83 1.98 21.90 -0.14 3.07
Car 0.0 0 2.67 871.37 188.30 1184.01 298.78 1.46 1.61 4.05 6.13 1.75 10.91 -3.10 4.14
Car 0.0 0 -2.86 362.75 179.43 505.22 233.08 1.52 1.63 4.08 -5.37 1.75 22.23 -3.10 2.16
Car 0.0 0 -2.91 456.12 180.61 540.41 214.25 1.54 1.61 3.76 -5.36 1.93 34.38 -3.06 1.26
Car 0.0 0 -1.63 640.76 184.25 670.90 209.21 1.44 1.55 3.57 2.70 2.13 43.49 -1.56 1.13
Car 0.0 0 -2.75 251.51 182.64 445.04 255.50 1.48 1.60 3.84 -5.91 1.75 16.33 -3.10 1.28
Car 0.0 0 -2.76 291.52 182.30 458.57 247.18 1.48 1.60 3.70 -5.92 1.76 18.29 -3.07 0.94
