Car 0.0 0 -1.75 697.64 176.68 807.71 255.45 1.52 1.58 3.57 3.00 1.62 16.00 -1.56 6.80
Car 0.0 0 2.15 -11.12 207.01 261.61 352.23 1.54 1.55 3.71 -6.29 2.01 9.52 1.57 6.89
Car 0.0 0 2.74 852.48 152.09 1063.49 222.30 1.54 1.69 4.52 8.19 1.09 17.34 -3.10 4.60
Car 0.0 0 -1.29 330.72 182.00 442.90 249.95 1.56 1.67 4.38 -5.80 1.82 19.21 -1.58 4.36
Car 0.0 0 1.77 444.27 181.20 501.17 218.45 1.48 1.66 4.11 -6.08 1.89 32.15 1.59 2.59
Car 0.0 0 1.66 469.10 181.37 512.80 212.66 1.48 1.61 3.92 -5.96 1.92 36.24 1.50 1.16
Car 0.0 0 3.00 714.24 161.35 795.23 188.32 1.51 1.64 4.26 8.59 0.88 43.00 -3.09 0.46
Car 0.0 0 -1.62 646.86 173.32 676.89 197.91 1.48 1.60 3.86 3.21 1.54 45.59 -1.55 0.46
Car 0.0 0 1.71 484.42 179.48 525.16 207.17 1.49 1.64 4.08 -6.14 1.92 42.35 1.57 0.40
Car 0.0 0 1.70 499.91 178.11 533.74 202.92 1.54 1.67 4.20 -6.22 1.93 48.47 1.57 0.23
