Car 0.0 0 1.95 242.06 199.26 385.95 284.36 1.54 1.55 3.65 -6.11 2.10 15.25 1.57 7.27
Car 0.0 0 1.85 350.68 191.41 445.86 248.33 1.50 1.66 4.12 -6.30 2.10 21.77 1.57 5.74
Car 0.0 0 2.67 891.02 143.24 1106.99 216.29 1.65 1.73 4.57 9.58 0.97 18.01 -3.12 4.26
Car 0.0 0 2.09 42.64 210.19 308.74 339.62 1.43 1.56 3.76 -5.98 2.01 10.33 1.57 7.25
Car 0.0 0 1.80 427.30 188.15 492.89 228.29 1.43 1.73 4.49 -6.03 2.08 29.37 1.60 3.24
Car 0.0 0 -1.68 663.78 175.96 717.62 218.98 1.54 1.60 3.79 3.05 1.68 28.23 -1.57 2.87
Car 0.0 0 3.10 785.89 158.15 921.57 205.27 1.62 1.69 4.38 8.59 1.13 25.77 -2.86 1.33
Car 0.0 0 1.76 461.60 185.71 510.54 218.17 1.46 1.62 4.01 -6.07 2.12 35.60 1.59 1.15
Car 0.0 0 -1.72 678.00 176.24 744.53 227.62 1.54 1.63 3.98 3.24 1.69 24.04 -1.58 1.85
Car 0.0 0 -1.65 651.31 178.05 688.79 206.96 1.44 1.65 4.13 3.10 1.73 38.33 -1.56 0.98
Car 0.0 0 2.32 827.46 149.85 979.71 209.01 1.59 1.62 4.01 8.86 0.95 21.71 2.71 0.63
Car 0.0 0 1.82 492.63 183.50 534.30 210.03 1.48 1.59 3.82 -5.75 2.14 43.15 1.69 0.33
