Car 0.0 0 -1.78 701.29 176.01 823.52 263.16 1.50 1.56 3.63 2.86 1.58 14.59 -1.58 7.25
Car 0.0 0 -1.73 677.08 174.15 756.49 235.08 1.50 1.59 3.80 2.84 1.56 20.16 -1.59 5.63
Car 0.0 0 -1.88 732.89 156.38 1007.39 348.99 1.92 1.67 4.22 2.76 1.74 8.83 -1.57 8.73
Car 0.0 0 -2.90 401.69 174.01 507.72 211.35 1.49 1.66 4.07 -6.60 1.57 30.85 -3.11 2.63
Car 0.0 0 -1.67 651.74 173.00 694.91 207.92 1.46 1.52 3.49 2.76 1.50 32.58 -1.59 2.72
Car 0.0 0 -2.78 100.85 166.73 383.37 272.69 1.74 1.71 4.20 -6.48 1.66 12.90 3.04 3.27
Car 0.0 0 -2.90 264.64 168.76 446.08 243.66 1.59 1.62 3.68 -5.91 1.54 16.87 3.05 2.62
Car 0.0 0 -1.64 637.50 168.40 672.01 198.35 1.56 1.61 3.85 2.50 1.36 41.29 -1.58 1.34
Car 0.0 0 -2.81 221.41 172.18 433.10 256.38 1.68 1.66 3.89 -6.04 1.69 15.54 3.11 2.70
Car 0.0 0 -2.85 329.72 170.02 475.39 224.57 1.54 1.62 3.92 -6.22 1.48 21.75 -3.12 1.61
Car 0.0 0 -3.01 421.83 166.55 525.91 204.58 1.67 1.71 4.56 -6.08 1.40 32.34 3.09 0.91
Car 0.0 0 -2.61 47.88 182.30 321.27 287.91 1.44 1.59 3.84 -6.55 1.64 11.22 -3.13 1.32
