Car 0.0 0 1.83 348.42 187.27 451.86 250.77 1.47 1.62 3.92 -5.56 1.89 19.43 1.55 6.06
Car 0.0 0 2.85 770.43 157.07 880.62 191.95 1.48 1.70 4.54 9.65 0.80 32.62 -3.14 2.26
Car 0.0 0 -0.38 1097.45 137.82 1221.76 177.22 1.51 1.70 4.29 22.58 0.11 29.77 0.27 2.63
Car 0.0 0 1.79 414.99 184.49 482.72 231.05 1.51 1.63 4.02 -5.80 1.96 26.20 1.57 3.38
Car 0.0 0 1.74 449.86 181.91 503.61 221.95 1.58 1.62 3.98 -5.74 2.00 31.29 1.56 2.97
Car 0.0 0 1.69 479.66 181.83 522.72 212.56 1.49 1.62 3.96 -5.71 2.00 37.99 1.55 1.62
Car 0.0 0 -1.65 658.54 172.04 697.17 202.21 1.50 1.63 4.06 3.66 1.51 39.89 -1.56 1.31
Car 0.0 0 1.81 503.00 179.85 544.01 206.39 1.51 1.65 4.07 -5.28 1.97 44.33 1.69 0.95
Car 0.0 0 2.51 1042.93 140.57 1168.20 176.26 1.49 1.69 4.48 21.99 0.10 32.16 3.12 0.88
Car 0.0 0 2.66 1049.77 139.33 1181.09 176.04 1.50 1.71 4.52 21.73 0.10 31.06 -3.01 0.70
Car 0.0 0 -2.42 -97.11 188.51 292.35 376.16 1.66 1.71 4.24 -5.60 1.87 7.66 -3.05 2.02
