Car 0.0 0 -1.89 791.14 182.72 1001.60 310.42 1.47 1.58 3.66 3.84 1.64 10.43 -1.53 8.25
Car 0.0 0 -1.77 744.18 178.97 857.16 257.96 1.49 1.58 3.80 4.05 1.66 16.05 -1.52 6.81
Car 0.0 0 1.79 409.13 183.02 500.59 243.03 1.50 1.64 3.96 -4.35 1.82 20.59 1.59 5.69
Car 0.0 0 -1.71 717.20 178.64 789.77 234.02 1.45 1.61 3.69 4.16 1.66 21.61 -1.51 5.43
Car 0.0 0 -1.70 697.88 176.82 753.48 222.14 1.58 1.60 3.85 4.25 1.75 27.21 -1.55 3.08
Car 0.0 0 1.77 463.16 181.89 528.09 226.24 1.50 1.65 4.12 -4.28 1.87 27.49 1.62 2.36
Car 0.0 0 -1.66 688.21 175.32 731.75 213.14 1.60 1.61 3.91 4.51 1.74 33.20 -1.53 1.72
Car 0.0 0 1.82 549.46 177.70 586.79 201.61 1.48 1.61 3.85 -2.73 1.82 47.23 1.77 0.95
Car 0.0 0 1.72 499.84 180.85 547.00 214.60 1.44 1.60 3.94 -4.05 1.84 34.02 1.61 1.04
Car 0.0 0 -2.58 862.35 170.90 926.64 199.69 1.70 1.61 3.87 17.44 1.64 44.35 -2.21 0.23
