Car 0.0 0 -1.88 483.18 186.42 615.22 267.11 1.42 1.53 3.52 -1.46 1.72 14.92 -1.98 6.82
Car 0.0 0 1.23 1063.03 157.80 1235.32 244.69 1.44 1.65 4.06 10.60 1.19 14.52 1.86 6.39
Car 0.0 0 -1.69 367.80 179.64 414.60 215.47 1.48 1.56 3.66 -9.90 1.80 32.33 -1.98 2.65
Car 0.0 0 -1.70 382.24 181.02 438.85 221.96 1.45 1.60 3.83 -7.90 1.80 28.16 -1.97 2.85
Car 0.0 0 1.74 -8.49 201.51 127.45 299.98 1.46 1.58 3.61 -9.56 1.98 12.64 1.10 4.72
Car 0.0 0 1.69 185.87 184.74 229.61 217.42 1.45 1.61 3.99 -19.45 2.05 34.91 1.19 1.25
Car 0.0 0 -2.04 647.93 141.62 1066.21 375.69 1.79 1.76 4.49 1.96 1.55 7.04 -1.76 3.00
Car 0.0 0 -2.02 663.66 146.77 1068.08 376.41 1.76 1.77 4.39 2.16 1.54 7.05 -1.72 2.71
Car 0.0 0 -1.18 -111.79 228.61 80.10 341.17 1.77 1.72 3.90 -23.14 4.94 27.40 -1.88 0.03
Car 0.0 0 -2.90 824.59 149.77 1043.48 240.38 1.56 1.63 3.91 6.35 1.17 14.14 -2.47 1.09
Car 0.0 0 -2.67 558.96 165.53 647.04 205.61 1.68 1.59 3.76 -0.37 1.42 33.15 -2.68 0.36
