Car 0.0 0 -0.16 686.58 171.10 761.31 202.69 1.56 1.59 3.67 6.03 1.52 38.52 0.00 1.92
Car 0.0 0 -2.77 396.98 164.38 522.12 216.16 1.65 1.62 3.80 -5.13 1.40 24.57 -2.97 2.54
Car 0.0 0 -0.34 741.94 176.53 863.62 220.06 1.49 1.64 4.01 7.08 1.68 26.92 -0.08 2.48
Car 0.0 0 0.53 -74.81 161.27 314.88 307.22 1.53 1.62 4.16 -6.11 1.47 9.02 -0.06 4.32
Car 0.0 0 -1.89 759.35 177.36 1101.96 370.05 1.52 1.62 4.05 2.71 1.61 7.43 -1.54 6.23
Car 0.0 0 -2.73 289.68 167.79 452.98 227.57 1.47 1.60 3.72 -6.27 1.37 19.08 -3.04 1.93
Car 0.0 0 -2.61 469.06 165.42 551.12 198.22 1.61 1.61 3.85 -5.23 1.27 37.51 -2.74 0.64
Car 0.0 0 -2.73 335.64 168.62 479.13 219.85 1.47 1.61 3.94 -6.25 1.37 22.33 -3.00 1.00
Car 0.0 0 -2.49 493.56 165.59 557.84 190.97 1.50 1.56 3.68 -5.14 1.07 43.58 -2.61 0.26
Car 0.0 0 -1.79 798.35 180.63 1111.45 413.47 1.64 1.65 3.71 2.56 1.72 6.14 -1.39 1.83
Car 0.0 0 -0.15 735.51 175.38 831.56 212.30 1.52 1.60 3.87 7.50 1.66 31.58 0.08 0.33
