Car 0.0 0 2.78 752.52 190.38 918.16 253.97 1.56 1.64 3.89 5.91 2.07 19.34 3.08 4.90
Car 0.0 0 -2.82 217.99 176.15 435.98 260.22 1.68 1.69 4.02 -6.15 1.79 15.82 3.09 5.01
Car 0.0 0 -0.39 809.75 193.09 1028.62 275.40 1.50 1.62 3.79 6.03 1.93 14.42 0.01 4.89
Car 0.0 0 -1.64 635.33 187.79 672.89 219.23 1.42 1.57 3.77 2.08 2.17 35.17 -1.58 2.14
Car 0.0 0 -0.40 875.35 190.59 1166.43 296.19 1.53 1.63 4.02 6.48 1.87 11.76 0.11 3.39
Car 0.0 0 -2.65 34.96 191.70 329.68 304.79 1.47 1.63 3.85 -6.36 1.79 10.78 3.11 3.40
Car 0.0 0 -2.83 130.83 188.36 372.40 279.87 1.49 1.61 3.73 -6.47 1.82 13.14 3.00 2.74
Car 0.0 0 -2.63 68.18 190.26 330.83 301.29 1.45 1.59 3.73 -6.41 1.77 11.18 3.14 2.75
Car 0.0 0 -2.78 155.79 187.47 379.62 272.85 1.44 1.58 3.66 -6.38 1.75 13.55 3.07 1.75
Car 0.0 0 -2.76 98.42 191.48 355.53 286.15 1.45 1.60 3.83 -6.50 1.81 12.39 3.04 1.26
Car 0.0 0 -2.53 408.39 186.11 518.73 233.59 1.42 1.51 3.28 -4.80 1.89 23.44 -2.73 0.74
Car 0.0 0 -1.64 622.37 185.41 649.39 208.83 1.50 1.60 3.91 1.64 2.33 47.86 -1.60 0.35
Car 0.0 0 0.06 726.88 185.43 847.49 233.33 1.56 1.61 3.93 6.30 2.08 25.99 0.30 0.41
Car 0.0 0 -0.03 722.87 184.99 827.59 225.01 1.55 1.62 3.95 6.91 2.11 30.53 0.19 0.42
Car 0.0 0 0.50 454.14 188.39 527.22 214.36 1.45 1.57 3.87 -6.91 2.34 41.56 0.34 0.24
Car 0.0 0 -0.45 802.31 194.92 974.23 264.78 1.46 1.60 3.69 6.30 1.99 16.56 -0.09 0.77
Car 0.0 0 -2.92 278.86 180.32 449.24 247.77 1.56 1.63 4.03 -6.20 1.80 18.22 3.04 0.67
