Car 0.0 0 -0.17 810.17 179.92 1187.90 321.95 1.50 1.67 4.12 4.74 1.67 9.25 0.31 7.35
Car 0.0 0 -2.56 10.48 184.41 247.00 302.78 1.43 1.62 4.07 -7.64 1.67 10.19 3.09 4.44
Car 0.0 0 -2.88 104.32 171.49 316.31 257.02 1.63 1.66 3.78 -8.23 1.63 14.94 2.90 4.18
Car 0.0 0 -2.69 178.44 172.13 356.94 248.20 1.64 1.63 3.72 -8.23 1.68 17.33 -3.13 2.90
Car 0.0 0 -2.79 30.77 177.02 278.44 276.23 1.61 1.65 3.87 -8.25 1.74 13.17 2.94 2.97
Car 0.0 0 -2.45 1022.97 183.41 1102.13 209.97 1.45 1.61 3.93 25.56 2.06 40.84 -1.89 0.98
Car 0.0 0 -0.39 757.61 187.56 1012.10 289.71 1.48 1.62 3.71 4.42 1.78 12.00 -0.03 3.14
Car 0.0 0 -2.95 229.54 168.57 374.22 228.00 1.64 1.64 3.93 -9.07 1.55 21.28 2.93 1.87
Car 0.0 0 -1.66 461.02 176.57 497.12 202.98 1.44 1.62 3.99 -7.78 1.71 42.56 -1.84 0.80
Car 0.0 0 -0.42 753.91 184.83 981.80 278.56 1.48 1.59 3.77 4.47 1.73 12.88 -0.08 1.59
