Car 0.0 0 2.78 745.94 185.77 900.63 244.40 1.49 1.61 3.86 5.85 1.89 20.19 3.07 4.07
Car 0.0 0 -0.37 801.22 185.21 994.99 262.21 1.53 1.61 3.80 6.17 1.83 15.76 0.01 4.72
Car 0.0 0 -2.67 82.06 189.04 350.79 288.38 1.44 1.62 3.74 -6.40 1.75 11.85 3.12 5.48
Car 0.0 0 -2.82 244.25 173.63 448.87 253.10 1.73 1.69 4.07 -6.12 1.78 16.95 3.12 3.92
Car 0.0 0 -2.90 156.93 184.81 377.79 268.29 1.55 1.63 3.90 -6.92 1.82 14.71 2.95 4.17
Car 0.0 0 -1.64 635.90 184.50 672.08 214.05 1.39 1.59 3.88 2.16 2.00 36.59 -1.58 2.13
Car 0.0 0 -2.85 181.91 184.80 392.79 259.95 1.43 1.60 3.78 -6.72 1.73 15.15 3.02 2.52
Car 0.0 0 -0.85 841.81 190.01 1045.82 272.09 1.46 1.61 3.73 6.55 1.84 14.39 -0.42 2.40
Car 0.0 0 -0.06 722.13 180.47 828.39 223.18 1.51 1.60 3.86 6.39 1.86 28.22 0.16 0.92
Car 0.0 0 -0.12 717.90 179.10 816.17 218.56 1.53 1.60 3.90 6.71 1.86 31.11 0.09 0.80
Car 0.0 0 -0.64 882.58 181.45 1267.79 333.06 1.46 1.62 3.99 5.13 1.57 8.08 -0.07 2.55
Car 0.0 0 -0.55 424.32 182.85 517.26 222.07 1.41 1.49 3.34 -5.49 1.84 28.33 -0.74 0.74
Car 0.0 0 -0.59 854.60 188.05 1114.03 282.61 1.44 1.59 3.90 6.33 1.74 12.44 -0.11 1.47
Car 0.0 0 -1.63 622.88 181.72 648.40 203.75 1.53 1.61 3.94 1.73 2.14 51.02 -1.59 0.34
Car 0.0 0 -2.53 459.60 184.72 529.43 209.23 1.46 1.56 3.86 -7.03 2.16 43.67 -2.69 0.22
Car 0.0 0 -0.38 789.74 190.40 940.80 252.34 1.48 1.58 3.54 6.49 1.95 18.63 -0.05 0.63
