Car 0.0 0 0.44 62.91 170.62 329.06 269.09 1.61 1.65 4.15 -7.54 1.62 13.29 -0.07 5.47
Car 0.0 0 -0.32 733.33 183.33 985.39 271.63 1.46 1.64 3.98 4.49 1.70 13.55 -0.00 5.82
Car 0.0 0 -0.47 659.39 179.11 775.37 227.03 1.50 1.56 3.51 3.55 1.74 24.33 -0.32 3.41
Car 0.0 0 -2.79 156.01 181.60 358.55 252.90 1.49 1.65 4.05 -8.21 1.75 16.92 3.05 3.72
Car 0.0 0 -2.63 303.46 176.02 428.45 226.75 1.57 1.61 3.69 -8.17 1.72 24.07 -2.96 2.66
Car 0.0 0 -2.84 125.67 178.13 353.51 251.36 1.46 1.66 4.38 -8.05 1.62 15.87 2.97 1.50
Car 0.0 0 -0.81 648.80 181.96 737.62 220.62 1.47 1.54 3.38 3.28 1.84 28.74 -0.69 1.08
Car 0.0 0 -2.73 236.34 183.30 392.29 237.28 1.44 1.62 4.02 -8.60 1.78 21.00 -3.11 0.76
Car 0.0 0 -2.60 -151.13 191.78 157.59 324.57 1.88 1.75 3.94 -23.81 4.05 28.21 2.98 0.02
Car 0.0 0 -2.49 -138.19 188.87 158.50 326.62 1.52 1.60 3.83 -7.69 1.76 9.17 3.10 1.15
