Car 0.0 0 -1.28 269.44 183.35 452.18 300.12 1.46 1.62 3.83 -3.79 1.48 11.52 -1.59 8.35
Car 0.0 0 -1.77 711.15 185.95 838.69 284.39 1.51 1.57 3.55 2.89 1.56 13.33 -1.55 7.76
Car 0.0 0 -1.06 122.05 176.14 294.57 266.94 1.57 1.63 3.79 -8.06 1.43 14.64 -1.56 7.73
Car 0.0 0 -1.72 658.13 178.98 721.95 228.82 1.55 1.66 4.11 2.73 1.37 25.03 -1.61 4.79
Car 0.0 0 -1.45 444.49 179.65 516.23 233.29 1.41 1.62 3.66 -3.75 1.27 21.38 -1.62 4.73
Car 0.0 0 -1.47 484.42 179.96 534.10 217.50 1.46 1.62 4.04 -4.14 1.26 30.44 -1.60 2.35
Car 0.0 0 2.00 383.34 179.99 449.61 215.86 1.48 1.52 3.51 -8.75 1.28 32.95 1.74 1.27
Car 0.0 0 -1.61 582.61 177.60 610.31 202.18 1.54 1.60 3.75 -0.78 1.08 48.40 -1.63 0.96
Car 0.0 0 -1.52 434.02 179.21 477.29 211.59 1.46 1.59 3.85 -7.57 1.21 35.68 -1.73 0.78
Car 0.0 0 -1.66 634.16 179.31 663.17 202.05 1.47 1.60 3.82 2.69 1.09 48.27 -1.60 0.53
Car 0.0 0 -1.47 475.78 179.19 527.23 219.20 1.46 1.60 3.96 -4.35 1.27 29.58 -1.61 0.74
Car 0.0 0 -1.46 290.12 180.86 399.27 245.20 1.47 1.63 4.09 -7.10 1.41 19.70 -1.80 0.82
