Car 0.0 0 1.96 238.37 189.67 419.27 293.47 1.50 1.59 3.87 -4.83 1.83 12.94 1.60 8.01
Car 0.0 0 1.85 357.83 187.02 471.31 253.72 1.43 1.65 4.14 -4.84 1.82 18.33 1.59 6.19
Car 0.0 0 -1.98 829.15 185.63 1155.91 366.51 1.47 1.60 3.74 3.69 1.63 7.80 -1.53 8.41
Car 0.0 0 -1.85 746.96 178.51 907.73 282.25 1.47 1.61 4.11 3.56 1.60 12.80 -1.57 7.66
Car 0.0 0 -1.75 714.15 178.26 806.84 246.54 1.48 1.62 3.89 3.66 1.65 18.38 -1.55 6.09
Car 0.0 0 -1.68 703.46 178.19 764.96 227.89 1.51 1.59 3.73 4.02 1.71 24.01 -1.52 4.32
Car 0.0 0 1.68 494.95 179.48 538.18 214.71 1.59 1.62 3.93 -4.53 1.93 35.16 1.56 2.29
Car 0.0 0 -1.69 688.51 177.18 738.85 217.76 1.53 1.59 3.83 4.13 1.73 29.50 -1.54 2.22
Car 0.0 0 1.72 514.36 178.26 556.97 207.73 1.48 1.65 4.13 -4.07 1.81 39.80 1.62 1.13
Car 0.0 0 2.18 -30.48 200.26 281.56 386.47 1.53 1.55 3.56 -4.87 1.83 7.24 1.59 2.88
Car 0.0 0 -2.43 1099.32 171.27 1230.99 226.07 1.68 1.64 3.92 18.32 1.67 23.98 -1.77 1.02
