Car 0.0 0 -1.74 705.29 186.52 820.69 273.18 1.47 1.58 3.69 2.91 1.78 14.68 -1.54 7.21
Car 0.0 0 -2.69 249.06 178.37 459.44 252.33 1.43 1.61 3.81 -5.48 1.60 15.62 -3.02 4.62
Car 0.0 0 -1.62 636.79 180.11 665.43 205.03 1.53 1.60 3.76 2.61 2.01 46.41 -1.56 1.15
Car 0.0 0 0.40 406.31 178.20 504.49 222.59 1.63 1.58 3.50 -6.03 1.86 28.06 0.19 1.79
Car 0.0 0 -2.68 459.10 178.33 537.31 209.29 1.49 1.59 3.69 -5.77 1.80 37.04 -2.83 1.04
Car 0.0 0 -0.76 732.84 178.16 916.45 243.16 1.47 1.66 4.23 5.56 1.67 18.84 -0.47 1.43
Car 0.0 0 -2.72 350.08 182.26 480.47 230.22 1.41 1.59 3.75 -6.20 1.74 23.02 -2.98 0.97
Car 0.0 0 0.47 -15.79 190.67 336.63 312.67 1.45 1.60 4.22 -5.97 1.73 9.67 -0.08 1.45
Car 0.0 0 -2.64 316.19 181.51 476.22 239.17 1.43 1.61 3.81 -5.72 1.69 19.27 -2.92 0.68
Car 0.0 0 -2.64 207.64 180.00 434.36 259.13 1.45 1.59 3.86 -5.76 1.61 14.40 -3.02 0.79
