Car 0.0 0 -1.84 728.61 181.81 909.04 310.66 1.56 1.58 3.57 2.83 1.73 10.69 -1.58 7.95
Car 0.0 0 0.38 362.14 174.26 487.01 228.43 1.68 1.63 3.76 -6.10 1.75 23.71 0.14 2.47
Car 0.0 0 -0.38 713.22 181.91 821.20 223.24 1.42 1.55 3.59 5.69 1.76 26.42 -0.17 1.86
Car 0.0 0 -1.64 636.14 176.85 667.59 204.02 1.51 1.60 3.86 2.42 1.79 42.78 -1.58 1.07
Car 0.0 0 -2.90 313.14 177.93 460.50 234.38 1.54 1.62 3.93 -6.60 1.73 21.47 3.09 1.23
Car 0.0 0 -2.56 798.33 175.90 1008.58 258.07 1.49 1.64 4.06 6.03 1.59 15.21 -2.18 1.78
Car 0.0 0 -2.59 232.08 182.88 439.13 253.26 1.39 1.57 3.72 -5.96 1.65 15.75 -2.94 1.57
Car 0.0 0 0.54 132.20 177.95 416.40 267.50 1.41 1.56 4.00 -5.71 1.52 12.40 0.11 1.29
Car 0.0 0 -2.64 451.16 176.96 537.81 211.38 1.44 1.54 3.63 -5.30 1.67 32.85 -2.80 0.68
Car 0.0 0 0.68 -31.59 179.02 332.97 335.22 1.51 1.62 4.19 -5.70 1.65 8.16 0.07 2.09
Car 0.0 0 -0.45 699.80 173.28 787.60 212.53 1.69 1.62 3.79 6.02 1.74 32.72 -0.27 0.57
Car 0.0 0 -2.75 270.59 182.77 446.11 244.24 1.42 1.60 3.75 -6.24 1.69 18.07 -3.07 1.10
