Car 0.0 0 -1.19 134.93 187.08 380.67 336.78 1.46 1.57 3.45 -4.34 1.54 9.30 -1.62 8.78
Car 0.0 0 -1.38 395.35 186.36 482.36 245.04 1.39 1.57 3.63 -4.48 1.43 19.30 -1.61 5.52
Car 0.0 0 -1.91 754.99 179.55 1052.98 363.07 1.51 1.60 3.68 2.83 1.48 7.77 -1.55 7.91
Car 0.0 0 -1.07 78.57 171.00 287.49 280.11 1.63 1.67 3.89 -7.59 1.45 12.90 -1.60 5.52
Car 0.0 0 -1.42 454.80 184.38 513.65 227.33 1.47 1.61 3.91 -4.68 1.47 27.37 -1.59 3.00
Car 0.0 0 -1.62 565.92 184.21 596.76 211.10 1.48 1.56 3.65 -1.60 1.44 41.90 -1.66 0.84
Car 0.0 0 -1.59 578.93 183.00 617.93 219.81 1.52 1.59 3.79 -0.49 1.46 32.41 -1.61 1.55
Car 0.0 0 -1.47 466.92 182.71 519.74 222.93 1.52 1.65 4.17 -4.80 1.46 30.40 -1.62 1.42
Car 0.0 0 -0.94 155.48 174.77 240.77 213.61 1.62 1.59 3.82 -19.67 1.22 34.56 -1.46 0.46
Car 0.0 0 -1.13 301.55 174.85 373.28 221.46 1.72 1.58 3.89 -11.24 1.37 30.03 -1.48 0.23
