Car 0.0 0 -0.40 852.81 182.10 1276.57 345.78 1.54 1.68 4.10 4.80 1.68 7.89 0.15 7.40
Car 0.0 0 -2.93 206.37 167.20 366.02 231.37 1.64 1.65 4.01 -8.97 1.53 20.05 2.94 3.44
Car 0.0 0 -2.75 -33.74 173.02 254.10 291.42 1.65 1.67 4.03 -7.79 1.70 11.35 2.93 3.68
Car 0.0 0 -0.18 784.42 187.10 1101.17 307.63 1.52 1.63 3.92 4.54 1.77 10.26 0.24 3.66
Car 0.0 0 -2.75 -53.07 175.90 255.14 295.65 1.53 1.65 3.98 -7.33 1.63 10.51 2.93 3.62
Car 0.0 0 -2.75 146.83 171.53 344.86 249.72 1.63 1.62 3.72 -8.12 1.63 16.19 3.08 2.41
Car 0.0 0 -1.76 458.92 177.05 501.31 204.17 1.47 1.60 3.88 -7.64 1.76 41.97 -1.94 0.99
Car 0.0 0 -0.49 780.40 184.62 1052.90 297.92 1.47 1.60 3.85 4.55 1.70 11.08 -0.09 2.29
Car 0.0 0 -2.77 58.74 173.22 305.01 264.45 1.60 1.66 4.04 -8.23 1.65 13.99 2.99 1.53
Car 0.0 0 -2.50 -23.24 183.88 219.52 321.14 1.51 1.59 3.66 -7.05 1.68 8.87 3.12 0.82
