Car 0.0 0 -1.78 674.77 181.23 780.19 254.15 1.43 1.62 3.95 2.55 1.65 16.96 -1.62 6.71
Car 0.0 0 0.37 322.82 183.07 481.02 237.67 1.49 1.65 4.07 -6.10 1.83 21.38 0.10 4.44
Car 0.0 0 -2.00 782.68 199.40 1120.05 370.71 1.43 1.59 3.81 3.22 1.74 7.77 -1.60 7.57
Car 0.0 0 -2.70 121.82 182.19 361.00 280.18 1.55 1.62 3.74 -6.62 1.78 13.03 3.12 3.51
Car 0.0 0 -1.71 659.53 178.54 713.85 216.97 1.40 1.61 4.02 2.98 1.65 29.02 -1.60 1.81
Car 0.0 0 -1.64 642.12 172.09 673.92 199.42 1.61 1.63 3.97 2.88 1.59 44.64 -1.58 0.90
Car 0.0 0 -3.14 11.03 187.64 317.96 311.06 1.44 1.60 3.91 -6.23 1.72 10.10 2.59 2.82
Car 0.0 0 -2.74 189.78 185.21 396.90 266.97 1.50 1.62 3.70 -6.51 1.80 14.86 3.13 1.74
Car 0.0 0 -3.04 468.50 172.29 543.69 207.41 1.62 1.62 3.75 -5.04 1.62 34.78 3.10 0.61
Car 0.0 0 -2.65 365.66 172.97 475.33 221.75 1.71 1.59 3.87 -7.24 1.77 27.46 -2.91 0.31
Car 0.0 0 -2.78 146.51 178.73 381.94 267.66 1.52 1.63 3.92 -6.64 1.69 13.96 3.06 0.82
