Car 0.0 0 1.96 204.30 200.46 370.99 296.24 1.53 1.57 3.79 -6.01 2.07 13.90 1.56 7.83
Car 0.0 0 1.84 338.37 193.28 438.19 252.76 1.46 1.62 3.95 -6.22 2.08 20.54 1.55 5.93
Car 0.0 0 1.80 418.76 189.32 486.88 231.14 1.43 1.70 4.37 -5.96 2.09 27.71 1.59 4.99
Car 0.0 0 2.71 914.53 139.72 1146.86 220.06 1.60 1.70 4.44 9.16 0.92 15.95 -3.05 4.93
Car 0.0 0 2.13 -12.04 211.71 274.20 357.34 1.47 1.56 3.80 -6.12 2.04 9.58 1.57 6.58
Car 0.0 0 -1.68 666.62 175.15 723.02 220.57 1.55 1.60 3.82 3.06 1.66 27.01 -1.57 3.57
Car 0.0 0 -1.72 683.01 174.83 756.50 230.04 1.53 1.66 4.11 3.28 1.62 22.48 -1.58 3.00
Car 0.0 0 -1.66 653.86 178.17 693.65 207.57 1.42 1.64 4.11 3.21 1.71 37.47 -1.57 1.30
Car 0.0 0 1.77 460.06 185.41 508.49 219.71 1.46 1.54 3.62 -5.86 2.08 33.78 1.60 1.37
Car 0.0 0 3.03 798.70 158.00 932.85 204.76 1.67 1.69 4.42 9.19 1.15 26.26 -2.91 0.94
Car 0.0 0 1.83 492.46 183.47 532.99 209.85 1.45 1.56 3.73 -5.69 2.09 42.37 1.70 0.55
Car 0.0 0 2.48 841.05 152.11 995.87 212.56 1.58 1.62 3.85 8.89 1.03 20.93 2.88 0.76
