Car 0.0 0 -0.40 826.92 190.14 1067.75 278.82 1.50 1.64 3.87 6.17 1.86 13.54 0.03 5.71
Car 0.0 0 -1.64 635.36 185.37 673.47 217.93 1.46 1.59 3.83 2.08 2.10 35.12 -1.58 3.28
Car 0.0 0 2.78 759.67 188.05 934.65 255.56 1.54 1.64 3.85 5.86 1.96 18.20 3.10 4.79
Car 0.0 0 -2.81 203.29 174.18 428.19 262.61 1.68 1.68 4.00 -6.18 1.76 15.24 3.09 4.99
Car 0.0 0 -0.43 908.74 190.28 1233.81 304.55 1.49 1.64 4.09 6.64 1.80 10.69 0.13 3.97
Car 0.0 0 -2.77 86.50 185.01 352.32 285.62 1.45 1.61 3.83 -6.41 1.71 11.96 3.02 3.04
Car 0.0 0 -2.67 -10.90 192.31 296.86 313.09 1.47 1.63 3.89 -6.60 1.80 10.25 3.04 2.99
Car 0.0 0 -0.42 806.51 190.77 986.92 261.82 1.60 1.66 3.94 6.91 2.06 17.65 -0.05 1.73
Car 0.0 0 -0.52 727.15 181.15 835.78 224.11 1.49 1.59 3.90 6.61 1.87 27.92 -0.28 0.92
Car 0.0 0 -0.41 812.90 191.93 1005.68 268.01 1.53 1.62 3.82 6.41 1.97 15.73 -0.02 1.42
Car 0.0 0 -1.65 621.67 182.60 648.61 205.65 1.53 1.59 3.82 1.64 2.20 49.01 -1.61 0.35
Car 0.0 0 -2.51 410.17 184.83 517.01 225.67 1.45 1.54 3.64 -5.74 1.95 28.05 -2.71 0.36
