Car 0.0 0 -1.93 722.32 194.55 907.78 305.97 1.39 1.55 3.57 2.96 1.77 11.40 -1.67 8.03
Car 0.0 0 -1.75 660.66 183.08 742.87 241.55 1.41 1.64 4.07 2.42 1.73 20.36 -1.62 5.81
Car 0.0 0 -2.88 362.56 183.15 490.82 229.11 1.46 1.62 3.93 -6.15 1.82 24.39 -3.13 3.55
Car 0.0 0 -2.75 165.91 188.75 385.26 273.94 1.44 1.60 3.58 -6.35 1.79 13.80 3.10 5.25
Car 0.0 0 -2.76 218.24 183.32 407.60 260.83 1.54 1.62 3.69 -6.54 1.81 15.95 3.14 3.13
Car 0.0 0 -1.65 648.92 180.63 692.05 214.77 1.41 1.58 3.88 2.61 1.78 32.34 -1.57 1.38
Car 0.0 0 1.46 632.23 175.51 662.91 202.10 1.58 1.62 3.92 2.29 1.76 45.50 1.51 0.83
Car 0.0 0 -2.76 262.54 185.29 427.30 250.82 1.50 1.61 3.67 -6.81 1.87 18.54 -3.11 1.30
Car 0.0 0 -2.70 462.77 174.88 542.03 205.59 1.48 1.58 3.77 -5.45 1.61 36.49 -2.84 0.33
Car 0.0 0 -2.50 75.54 195.15 335.81 294.80 1.40 1.59 3.94 -6.59 1.78 11.61 -3.01 0.89
