Car 0.0 0 -0.25 680.32 153.29 833.43 212.86 1.64 1.68 4.07 4.21 1.10 21.31 -0.06 3.86
Car 0.0 0 -2.73 235.20 150.82 405.18 207.82 1.49 1.66 4.16 -8.10 0.90 20.36 -3.11 3.76
Car 0.0 0 -0.46 799.91 158.33 1174.33 294.34 1.54 1.69 4.29 4.88 1.42 9.72 0.01 5.66
Car 0.0 0 -2.76 61.13 155.02 297.26 244.14 1.53 1.65 3.93 -8.34 1.24 14.04 2.99 4.57
Car 0.0 0 0.60 -82.89 139.61 243.11 275.22 1.58 1.64 4.24 -7.55 1.18 9.82 -0.05 3.31
Car 0.0 0 -0.51 669.66 154.74 786.47 203.31 1.65 1.60 3.74 4.16 1.02 25.75 -0.35 1.36
Car 0.0 0 -2.94 195.15 160.15 346.79 222.57 1.45 1.58 3.58 -8.89 1.17 18.94 2.91 1.32
Car 0.0 0 -2.84 292.56 144.20 421.96 196.30 1.73 1.67 4.18 -9.10 0.76 26.01 3.11 0.47
Car 0.0 0 -1.67 349.74 144.10 424.00 189.83 1.73 1.62 3.93 -9.33 0.60 29.95 -1.97 0.46
Car 0.0 0 -0.10 665.13 157.26 743.17 191.74 1.61 1.56 3.63 4.55 0.87 35.28 0.03 0.29
