Car 0.0 0 -1.78 675.84 182.89 792.39 261.56 1.41 1.61 3.87 2.47 1.66 15.58 -1.61 7.16
Car 0.0 0 -1.67 647.19 177.51 695.95 219.17 1.62 1.61 3.92 2.48 1.83 30.27 -1.58 3.64
Car 0.0 0 -2.54 389.57 182.65 499.62 223.21 1.39 1.60 3.80 -6.04 1.75 26.11 -2.77 2.84
Car 0.0 0 -2.65 107.01 193.99 378.61 290.79 1.47 1.62 3.79 -6.16 1.87 12.24 -3.11 2.60
Car 0.0 0 -2.81 234.59 187.54 420.97 256.19 1.49 1.61 3.87 -6.73 1.88 17.29 3.10 1.84
Car 0.0 0 -2.92 463.12 180.64 533.46 207.91 1.48 1.59 3.69 -6.44 1.96 41.38 -3.07 0.79
Car 0.0 0 -2.78 190.99 188.26 399.72 265.30 1.45 1.59 3.77 -6.54 1.82 15.14 3.10 1.79
Car 0.0 0 -2.66 -46.84 197.84 298.07 331.14 1.45 1.61 3.88 -6.05 1.79 8.86 3.03 2.19
Car 0.0 0 0.54 155.09 186.31 389.97 275.70 1.48 1.57 3.94 -6.47 1.81 13.91 0.11 1.26
Car 0.0 0 -2.95 257.03 188.34 429.69 246.99 1.40 1.60 4.09 -6.89 1.84 18.76 2.99 0.55
