Car 0.0 0 -1.78 709.21 174.51 841.58 270.23 1.54 1.60 3.65 2.90 1.59 13.61 -1.56 7.78
Car 0.0 0 -1.73 682.02 171.65 766.83 236.07 1.52 1.60 3.78 2.90 1.50 19.25 -1.58 6.24
Car 0.0 0 -2.84 333.81 166.35 474.34 221.84 1.57 1.64 3.85 -6.31 1.40 22.10 -3.12 3.58
Car 0.0 0 -2.92 394.72 170.43 506.41 209.64 1.48 1.66 4.20 -6.47 1.42 29.40 -3.13 2.61
Car 0.0 0 -1.93 748.48 155.26 1096.59 375.05 1.69 1.70 4.06 2.79 1.59 7.52 -1.57 6.96
Car 0.0 0 -1.67 652.89 171.08 698.31 207.25 1.45 1.57 3.61 2.74 1.39 31.09 -1.58 2.59
Car 0.0 0 -1.64 640.45 166.48 675.03 197.20 1.54 1.60 3.85 2.48 1.22 38.81 -1.57 1.71
Car 0.0 0 -2.84 242.21 167.56 435.49 245.07 1.56 1.61 3.65 -5.91 1.48 15.87 3.09 2.94
Car 0.0 0 -2.81 71.30 166.72 365.57 279.87 1.81 1.74 4.30 -6.63 1.72 12.38 2.99 3.02
Car 0.0 0 -2.79 191.27 169.82 422.18 259.16 1.69 1.68 3.99 -6.18 1.66 14.84 3.10 2.57
Car 0.0 0 -2.99 417.80 163.20 522.56 202.45 1.69 1.70 4.48 -6.26 1.29 32.40 3.10 0.98
Car 0.0 0 -2.81 257.80 165.30 458.21 238.70 1.59 1.65 4.02 -5.77 1.44 16.71 -3.13 1.61
Car 0.0 0 -2.75 276.84 163.14 463.58 233.13 1.69 1.68 4.11 -6.01 1.46 18.23 -3.06 1.18
Car 0.0 0 -2.65 -16.87 182.19 298.52 297.61 1.45 1.63 4.00 -6.60 1.62 10.24 3.06 1.67
Car 0.0 0 -3.00 469.75 166.02 542.23 195.85 1.71 1.65 4.02 -5.98 1.32 41.34 3.14 0.32
Car 0.0 0 -2.95 449.89 162.76 538.33 198.93 1.77 1.69 4.14 -5.74 1.30 35.70 -3.11 0.41
Car 0.0 0 -2.95 436.87 161.63 535.52 200.58 1.78 1.71 4.35 -5.79 1.30 33.74 -3.12 0.43
