Car 0.0 0 -1.75 747.31 184.23 863.69 262.03 1.41 1.67 4.31 4.06 1.69 15.83 -1.49 6.86
Car 0.0 0 1.22 809.28 190.37 1045.36 334.49 1.50 1.61 3.97 4.00 1.78 10.00 1.61 8.51
Car 0.0 0 1.65 553.22 172.52 594.77 207.64 1.57 1.60 3.83 -1.73 1.59 35.02 1.60 2.94
Car 0.0 0 -1.68 709.79 177.17 764.10 221.51 1.54 1.57 3.72 4.68 1.73 27.16 -1.51 3.82
Car 0.0 0 -1.71 731.23 180.00 800.44 235.65 1.48 1.56 3.68 4.56 1.73 21.69 -1.50 4.18
Car 0.0 0 -1.68 692.13 177.23 736.50 211.41 1.50 1.62 3.99 4.87 1.74 34.36 -1.54 1.68
Car 0.0 0 -1.37 378.08 155.35 542.02 293.84 1.94 1.80 4.68 -2.39 1.72 12.52 -1.56 1.49
Car 0.0 0 1.81 461.57 172.83 558.05 250.09 1.64 1.61 3.84 -2.47 1.71 18.22 1.68 0.88
Car 0.0 0 1.64 577.04 172.81 604.75 197.36 1.55 1.61 3.94 -1.25 1.56 48.10 1.62 0.28
Car 0.0 0 -1.67 680.26 174.91 716.09 204.37 1.52 1.60 3.93 4.84 1.67 40.44 -1.54 0.32
