Car 0.0 0 -1.93 763.47 181.26 1023.99 340.36 1.44 1.58 3.58 3.11 1.59 8.74 -1.59 9.15
Car 0.0 0 1.82 401.63 185.08 479.97 235.47 1.53 1.63 3.97 -5.76 1.98 24.84 1.59 5.34
Car 0.0 0 2.51 1015.43 144.49 1311.61 262.49 1.52 1.65 4.22 8.65 1.13 10.99 -3.11 4.46
Car 0.0 0 1.78 445.96 183.34 499.99 221.70 1.50 1.58 3.86 -5.77 1.96 30.56 1.59 3.04
Car 0.0 0 2.72 752.79 162.11 843.25 191.63 1.55 1.68 4.30 10.19 0.98 39.36 2.97 1.29
Car 0.0 0 -1.15 153.54 182.57 375.48 298.82 1.57 1.69 4.46 -5.77 1.82 12.55 -1.58 3.76
Car 0.0 0 1.71 471.24 181.44 515.45 214.73 1.55 1.61 3.89 -5.95 2.03 37.02 1.55 1.52
Car 0.0 0 1.72 491.90 180.75 531.80 208.70 1.47 1.64 4.03 -5.63 1.97 41.71 1.59 1.33
Car 0.0 0 2.73 993.13 148.54 1106.70 181.12 1.50 1.71 4.50 21.39 0.36 35.15 -3.01 1.05
Car 0.0 0 -1.66 656.05 174.70 693.41 202.55 1.50 1.64 4.03 3.59 1.62 41.02 -1.57 0.99
Car 0.0 0 2.52 1003.69 146.56 1116.31 180.20 1.48 1.68 4.35 21.25 0.27 34.01 3.08 0.68
Car 0.0 0 -0.56 1023.47 145.42 1137.55 179.56 1.48 1.69 4.51 22.04 0.25 33.84 0.02 0.50
