Car 0.0 0 -1.86 693.79 189.23 826.40 272.59 1.41 1.55 3.59 2.83 1.77 14.68 -1.66 7.28
Car 0.0 0 -2.63 -25.46 194.14 322.74 310.42 1.42 1.64 4.10 -6.38 1.76 10.08 3.10 7.43
Car 0.0 0 -1.73 652.94 182.16 717.79 230.14 1.42 1.64 4.07 2.39 1.77 24.37 -1.63 4.55
Car 0.0 0 -2.95 395.02 180.90 505.73 222.59 1.46 1.60 3.82 -5.97 1.79 27.15 3.12 2.81
Car 0.0 0 -2.87 255.49 187.48 423.61 249.90 1.41 1.59 3.70 -6.78 1.82 18.22 3.06 3.53
Car 0.0 0 -2.83 124.63 189.29 369.38 279.84 1.45 1.62 3.78 -6.49 1.79 13.05 2.99 3.81
Car 0.0 0 -2.86 278.84 182.48 433.83 246.61 1.58 1.61 3.73 -6.72 1.86 19.16 3.09 1.62
Car 0.0 0 1.49 629.53 174.48 657.10 199.53 1.66 1.62 3.92 2.21 1.78 49.32 1.53 0.41
Car 0.0 0 -2.72 344.63 186.12 456.94 233.38 1.43 1.56 3.46 -6.94 1.90 23.90 -3.00 0.74
Car 0.0 0 -2.66 194.64 190.95 383.82 262.98 1.41 1.57 3.59 -6.82 1.82 15.40 -3.08 1.03
Car 0.0 0 -1.65 643.31 180.05 680.59 208.78 1.41 1.56 3.83 2.63 1.81 37.78 -1.58 0.39
