Car 0.0 0 -1.67 677.30 182.02 742.85 237.81 1.51 1.59 3.78 2.92 1.82 22.03 -1.54 4.96
Car 0.0 0 -1.92 761.78 173.16 1048.07 365.12 1.57 1.59 3.61 2.81 1.64 7.81 -1.56 7.05
Car 0.0 0 -2.74 249.41 183.37 442.86 254.59 1.47 1.60 3.76 -5.95 1.74 16.43 -3.09 3.91
Car 0.0 0 -2.79 356.77 176.93 503.79 228.91 1.49 1.64 4.04 -5.53 1.65 22.35 -3.03 2.10
Car 0.0 0 -0.21 727.15 176.23 833.34 220.07 1.56 1.60 3.79 6.42 1.73 27.57 0.02 1.94
Car 0.0 0 0.43 298.43 179.17 481.90 247.48 1.54 1.62 3.89 -5.34 1.73 17.67 0.14 1.76
Car 0.0 0 1.50 631.01 177.83 656.55 199.98 1.55 1.62 3.91 2.40 1.92 52.15 1.54 0.47
Car 0.0 0 -2.96 454.05 178.31 527.48 209.18 1.55 1.57 3.65 -6.30 1.86 37.91 -3.12 0.42
Car 0.0 0 0.54 -83.67 181.71 294.12 325.56 1.50 1.58 4.11 -6.17 1.67 8.77 -0.07 1.00
Car 0.0 0 -2.93 436.42 175.87 521.86 212.50 1.63 1.61 3.80 -6.16 1.81 33.76 -3.11 0.43
Car 0.0 0 1.15 174.00 172.82 251.00 205.88 1.52 1.63 4.11 -19.01 1.56 34.33 0.64 0.33
