Car 0.0 0 -1.87 727.19 192.08 939.31 330.36 1.48 1.61 3.86 2.77 1.78 10.03 -1.59 9.03
Car 0.0 0 -1.69 667.20 179.02 743.87 243.29 1.53 1.61 3.69 2.38 1.70 19.16 -1.57 5.42
Car 0.0 0 -2.79 274.05 183.32 452.32 246.43 1.45 1.63 3.99 -6.24 1.76 18.39 -3.12 4.16
Car 0.0 0 -2.92 320.31 182.67 469.00 238.14 1.50 1.64 4.05 -6.30 1.82 21.21 3.08 2.81
Car 0.0 0 -1.67 654.05 182.79 711.63 228.31 1.42 1.58 3.57 2.41 1.79 24.96 -1.57 3.09
Car 0.0 0 -2.99 303.34 182.48 462.85 239.29 1.52 1.65 4.26 -6.50 1.83 20.83 3.00 2.05
Car 0.0 0 -2.95 84.88 164.40 397.21 283.69 1.82 1.76 4.55 -6.13 1.72 12.19 2.87 2.49
Car 0.0 0 -1.66 641.30 176.88 684.94 213.93 1.59 1.59 3.78 2.40 1.81 33.63 -1.58 1.40
Car 0.0 0 0.29 460.87 174.69 544.05 206.47 1.56 1.62 4.05 -5.75 1.72 38.35 0.15 0.54
Car 0.0 0 0.62 -123.82 183.88 225.06 341.58 1.57 1.59 4.07 -6.83 1.73 8.24 -0.07 1.74
Car 0.0 0 -3.00 431.22 177.20 526.72 217.81 1.59 1.59 3.70 -5.55 1.83 30.46 3.11 0.67
