Car 0.0 0 1.90 305.19 187.54 446.77 272.83 1.54 1.59 3.85 -4.80 1.86 15.31 1.60 7.36
Car 0.0 0 -1.90 796.15 184.35 1025.48 323.06 1.44 1.60 3.73 3.76 1.63 9.81 -1.53 8.75
Car 0.0 0 2.06 61.71 193.91 355.98 349.57 1.46 1.55 3.72 -4.59 1.74 8.81 1.58 8.10
Car 0.0 0 -1.83 734.07 179.36 861.53 263.39 1.48 1.62 3.86 3.72 1.64 15.18 -1.58 6.51
Car 0.0 0 -1.66 697.92 175.87 753.68 222.11 1.54 1.61 3.74 4.12 1.67 26.24 -1.51 4.05
Car 0.0 0 -1.74 707.61 176.60 788.20 237.84 1.51 1.64 3.95 3.73 1.65 20.34 -1.55 5.31
Car 0.0 0 1.68 504.54 177.79 545.60 210.77 1.57 1.63 3.95 -4.32 1.84 36.89 1.57 2.67
Car 0.0 0 1.83 391.00 183.09 487.20 242.69 1.47 1.65 4.10 -4.79 1.80 20.67 1.61 4.42
Car 0.0 0 -1.70 685.31 175.08 732.61 213.17 1.54 1.59 3.84 4.24 1.67 31.73 -1.57 1.45
Car 0.0 0 1.77 519.24 176.26 560.42 204.97 1.52 1.62 4.01 -3.98 1.75 41.34 1.67 0.90
Car 0.0 0 -2.22 1074.97 168.07 1184.62 218.78 1.68 1.63 3.87 18.67 1.56 26.09 -1.59 0.47
