Car 0.0 0 1.34 694.79 167.41 859.66 287.70 1.73 1.65 3.94 2.61 1.67 12.27 1.56 7.89
Car 0.0 0 -1.71 662.67 178.04 725.95 227.80 1.49 1.63 3.57 2.64 1.68 23.69 -1.59 5.26
Car 0.0 0 -2.85 291.56 171.43 465.08 241.45 1.63 1.64 3.66 -5.78 1.63 18.18 3.13 5.39
Car 0.0 0 -1.73 677.46 179.46 765.14 245.37 1.43 1.60 3.79 2.65 1.62 18.20 -1.58 5.59
Car 0.0 0 -2.80 180.99 182.73 392.25 262.17 1.55 1.62 3.69 -6.75 1.79 15.22 3.07 5.44
Car 0.0 0 -2.84 229.45 166.78 432.68 253.19 1.85 1.70 3.92 -6.29 1.73 16.41 3.09 4.20
Car 0.0 0 -1.66 643.38 178.05 682.26 208.78 1.42 1.55 3.68 2.52 1.69 35.76 -1.59 2.35
Car 0.0 0 -3.00 437.33 171.80 526.99 207.77 1.62 1.65 4.13 -6.02 1.59 34.07 3.11 1.82
Car 0.0 0 -2.96 430.42 176.01 518.83 209.59 1.52 1.64 3.96 -6.49 1.69 34.58 -3.14 1.64
Car 0.0 0 -2.79 117.45 186.63 375.37 276.80 1.44 1.64 3.99 -6.55 1.75 13.17 3.04 3.44
Car 0.0 0 -2.89 326.13 167.69 479.77 229.72 1.65 1.65 3.91 -5.88 1.55 20.63 3.12 2.03
Car 0.0 0 -2.81 376.76 170.58 493.36 217.09 1.63 1.64 3.97 -6.38 1.56 26.33 -3.04 0.92
Car 0.0 0 -1.62 630.75 172.38 661.43 200.10 1.59 1.64 4.07 2.16 1.61 44.71 -1.57 0.37
Car 0.0 0 -2.48 -11.82 183.12 228.28 340.71 1.51 1.59 3.73 -6.38 1.69 8.13 -3.14 1.04
