Car 0.0 0 2.76 737.71 179.22 885.70 234.50 1.51 1.62 3.98 5.96 1.75 21.72 3.03 3.29
Car 0.0 0 -2.68 115.97 179.47 377.73 273.95 1.46 1.63 3.78 -6.29 1.62 12.66 -3.14 5.18
Car 0.0 0 -2.79 185.96 181.35 389.32 255.50 1.47 1.62 3.80 -7.03 1.70 15.89 3.08 4.21
Car 0.0 0 -0.41 793.84 177.64 976.59 252.65 1.61 1.63 3.85 6.25 1.74 16.68 -0.04 4.05
Car 0.0 0 -1.66 636.34 177.66 671.23 207.03 1.47 1.60 3.78 2.27 1.76 38.80 -1.60 1.85
Car 0.0 0 -2.82 259.42 160.78 458.18 243.67 1.90 1.71 4.04 -6.05 1.64 17.54 3.13 2.83
Car 0.0 0 -2.87 212.69 175.45 409.87 245.28 1.48 1.63 3.95 -6.87 1.59 16.75 3.03 2.17
Car 0.0 0 -0.18 717.76 176.94 833.39 226.41 1.60 1.59 3.68 5.60 1.76 24.83 0.05 1.37
Car 0.0 0 -0.52 816.03 180.47 1037.44 255.98 1.47 1.62 4.00 6.65 1.66 15.49 -0.11 2.21
Car 0.0 0 -0.49 427.46 175.51 522.89 213.73 1.44 1.53 3.60 -5.60 1.59 29.73 -0.67 0.64
Car 0.0 0 -0.62 842.51 173.88 1213.45 314.34 1.45 1.63 4.08 4.95 1.49 8.68 -0.10 1.89
Car 0.0 0 0.57 -136.34 177.91 252.28 321.53 1.49 1.57 4.14 -6.89 1.62 8.84 -0.09 1.06
Car 0.0 0 0.48 459.42 177.25 529.65 202.17 1.47 1.57 3.91 -7.06 1.75 43.95 0.33 0.21
