Car 0.0 0 -1.85 769.59 194.71 923.45 290.49 1.43 1.62 3.84 4.13 1.87 13.33 -1.55 7.06
Car 0.0 0 -1.74 735.84 186.53 826.81 251.18 1.42 1.60 3.65 4.20 1.81 18.34 -1.51 5.35
Car 0.0 0 1.74 484.20 188.99 541.06 230.50 1.51 1.63 4.02 -3.89 2.18 29.09 1.61 3.69
Car 0.0 0 -1.70 687.87 183.67 730.23 217.79 1.52 1.61 3.88 4.73 2.08 35.29 -1.57 1.78
Car 0.0 0 1.70 533.50 187.48 571.48 216.51 1.53 1.64 4.00 -3.24 2.40 41.23 1.62 1.38
Car 0.0 0 -1.68 701.58 185.84 748.94 223.56 1.46 1.58 3.73 4.72 2.02 30.22 -1.52 2.01
Car 0.0 0 -1.68 714.11 185.65 777.60 234.52 1.45 1.61 3.87 4.37 1.89 23.87 -1.50 2.58
Car 0.0 0 1.71 512.02 188.41 558.58 221.85 1.52 1.65 4.11 -3.64 2.29 35.33 1.61 1.08
Car 0.0 0 -2.05 848.77 159.50 1254.40 376.72 1.73 1.71 4.32 3.88 1.67 7.08 -1.55 1.89
Car 0.0 0 1.80 571.72 184.31 604.56 205.38 1.52 1.58 3.76 -1.55 2.33 52.33 1.77 0.29
