Car 0.0 0 -1.87 781.06 184.24 957.13 299.14 1.46 1.59 3.68 3.88 1.68 11.57 -1.54 8.20
Car 0.0 0 1.86 344.97 186.89 467.10 261.20 1.48 1.62 3.92 -4.65 1.83 16.84 1.60 6.60
Car 0.0 0 -1.76 732.24 180.99 835.10 253.48 1.46 1.61 3.82 3.97 1.69 17.28 -1.53 6.60
Car 0.0 0 1.76 425.42 183.81 502.53 238.62 1.51 1.63 3.96 -4.52 1.88 22.70 1.57 4.86
Car 0.0 0 -1.66 691.99 177.77 742.72 220.24 1.53 1.59 3.53 4.11 1.76 28.22 -1.52 2.76
Car 0.0 0 -1.75 702.40 178.70 775.73 233.43 1.54 1.65 4.03 3.95 1.75 22.90 -1.58 3.75
Car 0.0 0 1.80 462.47 182.89 529.69 223.27 1.40 1.70 4.36 -4.44 1.85 28.67 1.65 2.57
Car 0.0 0 1.84 534.26 177.80 577.57 204.80 1.51 1.62 3.94 -3.23 1.85 43.67 1.77 0.88
Car 0.0 0 -1.65 682.51 177.97 720.24 209.00 1.49 1.62 4.03 4.68 1.78 37.67 -1.52 0.43
Car 0.0 0 -2.07 884.55 175.08 937.28 202.74 1.63 1.61 3.88 18.06 1.78 43.51 -1.68 0.21
