Car 0.0 0 1.93 214.90 196.88 387.57 292.74 1.47 1.65 4.21 -5.76 1.98 13.99 1.55 7.81
Car 0.0 0 1.83 343.50 192.40 440.82 253.62 1.47 1.61 3.86 -5.93 2.04 19.89 1.54 5.79
Car 0.0 0 2.73 798.55 154.96 932.29 201.10 1.66 1.71 4.36 9.55 1.01 27.29 3.07 3.55
Car 0.0 0 1.82 395.85 188.61 471.10 238.90 1.51 1.61 3.92 -5.93 2.08 24.56 1.59 4.57
Car 0.0 0 1.75 444.38 187.20 496.79 223.85 1.46 1.62 4.02 -6.03 2.10 31.38 1.57 2.69
Car 0.0 0 -1.68 661.07 174.98 705.06 211.37 1.59 1.63 3.95 3.37 1.72 34.26 -1.58 1.54
Car 0.0 0 2.38 1127.70 134.82 1258.89 173.67 1.47 1.65 4.29 23.21 -0.04 28.75 3.07 1.20
Car 0.0 0 1.80 480.44 185.02 526.85 216.17 1.50 1.65 4.07 -5.50 2.16 37.63 1.66 1.52
Car 0.0 0 0.08 748.35 160.70 862.74 195.93 1.45 1.66 4.35 8.47 0.97 31.49 0.35 0.41
Car 0.0 0 2.68 762.18 158.02 889.40 196.64 1.49 1.69 4.46 8.72 0.92 29.51 2.97 0.36
