Car 0.0 0 -1.75 648.13 173.44 737.64 235.51 1.43 1.63 3.88 2.02 1.46 18.96 -1.64 6.50
Car 0.0 0 -1.65 629.49 168.73 670.55 205.50 1.60 1.61 3.87 1.80 1.45 34.01 -1.59 2.75
Car 0.0 0 -2.61 401.61 172.95 495.06 208.38 1.43 1.59 3.75 -6.86 1.44 30.46 -2.83 1.51
Car 0.0 0 -2.72 226.70 176.83 421.49 251.07 1.57 1.63 3.85 -6.44 1.68 16.35 -3.09 2.30
Car 0.0 0 -2.66 379.88 174.69 485.65 212.24 1.45 1.63 3.88 -7.32 1.55 29.63 -2.90 0.81
Car 0.0 0 -2.77 312.62 178.91 441.39 224.70 1.42 1.58 3.84 -7.93 1.67 24.53 -3.08 0.65
Car 0.0 0 -2.67 284.30 179.97 430.03 233.42 1.44 1.60 3.75 -7.55 1.70 21.52 -3.01 0.85
Car 0.0 0 -2.52 100.16 183.05 333.21 271.16 1.47 1.60 3.85 -7.67 1.74 14.05 -3.01 1.13
Car 0.0 0 -2.58 461.33 171.61 528.28 196.96 1.53 1.61 3.78 -7.17 1.47 44.78 -2.74 0.34
Car 0.0 0 -1.10 978.86 161.73 1341.96 352.95 1.62 1.69 4.06 5.81 1.54 7.40 -0.43 2.22
Car 0.0 0 -2.64 141.46 183.33 369.99 261.36 1.44 1.58 3.83 -7.02 1.67 14.44 -3.09 0.73
