Car 0.0 0 1.85 326.17 185.85 443.36 256.47 1.55 1.65 4.07 -5.64 1.91 18.43 1.55 6.40
Car 0.0 0 1.80 399.55 185.35 474.34 236.15 1.51 1.65 4.13 -5.75 1.96 24.28 1.57 5.01
Car 0.0 0 -0.48 1116.14 134.46 1241.52 174.47 1.50 1.69 4.23 22.98 -0.01 29.25 0.19 2.45
Car 0.0 0 1.74 441.22 182.00 497.53 223.91 1.58 1.65 4.09 -5.82 1.99 30.08 1.55 2.80
Car 0.0 0 2.76 775.58 156.72 883.19 192.97 1.53 1.67 4.29 9.54 0.84 31.68 3.06 1.90
Car 0.0 0 1.72 471.43 182.50 516.72 214.86 1.47 1.65 4.07 -5.70 1.98 35.71 1.56 1.84
Car 0.0 0 1.83 498.01 180.22 542.08 207.96 1.48 1.65 4.09 -5.17 1.95 41.85 1.71 1.38
Car 0.0 0 -1.65 659.03 171.71 696.94 201.85 1.51 1.63 4.03 3.70 1.51 40.17 -1.55 0.99
Car 0.0 0 2.52 1061.59 137.39 1180.72 173.23 1.48 1.65 4.30 22.43 -0.05 31.79 3.14 0.82
Car 0.0 0 -0.11 747.13 158.80 850.79 189.77 1.45 1.66 4.42 9.16 0.79 35.38 0.14 0.48
