Car 0.0 0 -1.75 683.52 182.88 775.82 251.21 1.43 1.58 3.72 2.76 1.70 17.69 -1.59 6.37
Car 0.0 0 -2.84 305.60 166.35 473.85 231.03 1.68 1.70 4.18 -6.10 1.53 20.18 -3.13 5.00
Car 0.0 0 -1.68 651.93 175.61 707.78 219.65 1.48 1.63 3.87 2.46 1.60 26.60 -1.59 4.13
Car 0.0 0 0.58 214.57 175.60 422.22 251.36 1.49 1.64 4.24 -6.92 1.59 16.65 0.19 2.84
Car 0.0 0 -2.86 377.20 168.82 508.35 219.86 1.70 1.68 4.21 -5.78 1.58 25.05 -3.08 1.80
Car 0.0 0 -2.57 8.21 173.98 306.28 298.96 1.47 1.63 3.89 -6.20 1.55 9.96 -3.12 3.65
Car 0.0 0 -1.66 639.72 173.41 677.89 206.23 1.59 1.66 4.13 2.51 1.66 38.45 -1.59 0.96
Car 0.0 0 -2.00 826.31 187.69 1315.88 408.11 1.55 1.61 3.91 2.88 1.73 5.33 -1.50 2.12
Car 0.0 0 -2.94 465.02 178.15 531.47 206.97 1.53 1.58 3.49 -6.08 1.82 39.10 -3.09 0.44
Car 0.0 0 -2.92 432.51 176.72 517.38 210.45 1.50 1.58 3.75 -6.43 1.72 34.24 -3.10 0.37
