Car 0.0 0 -1.71 658.86 182.15 722.97 232.89 1.45 1.60 3.40 2.43 1.77 22.77 -1.60 5.46
Car 0.0 0 0.39 213.01 181.69 431.48 256.08 1.47 1.64 4.27 -6.20 1.70 15.74 0.01 4.16
Car 0.0 0 -2.75 402.97 178.75 515.73 219.49 1.42 1.60 3.84 -5.73 1.68 27.38 -2.96 2.17
Car 0.0 0 -3.01 437.87 177.06 525.71 211.18 1.54 1.64 4.02 -6.14 1.77 34.49 3.10 1.45
Car 0.0 0 -1.64 647.23 180.02 688.35 215.29 1.49 1.57 3.77 2.56 1.84 33.02 -1.56 1.34
Car 0.0 0 1.59 551.65 176.09 580.02 201.69 1.48 1.56 3.70 -2.77 1.72 45.06 1.53 0.71
Car 0.0 0 -0.49 938.75 185.64 1295.38 341.53 1.51 1.65 3.85 5.58 1.65 7.81 0.13 2.55
Car 0.0 0 -0.48 944.07 183.95 1349.86 340.76 1.52 1.62 3.99 5.89 1.67 7.93 0.17 1.25
Car 0.0 0 1.50 632.16 174.26 659.95 197.88 1.56 1.57 3.74 2.37 1.67 48.71 1.55 0.27
Car 0.0 0 -2.63 300.47 176.24 487.58 233.94 1.47 1.62 4.17 -5.72 1.58 19.27 -2.92 0.56
Car 0.0 0 -2.49 484.37 176.67 544.44 201.15 1.50 1.54 3.52 -5.96 1.72 44.73 -2.62 0.26
