Car 0.0 0 -1.84 712.09 167.50 914.87 309.96 1.71 1.63 3.80 2.64 1.65 10.38 -1.58 8.89
Car 0.0 0 -1.76 689.85 177.79 802.50 258.97 1.46 1.60 3.80 2.71 1.60 15.53 -1.58 6.88
Car 0.0 0 -1.72 669.22 176.31 739.22 231.63 1.49 1.59 3.73 2.74 1.63 21.98 -1.59 5.55
Car 0.0 0 -2.79 173.33 166.59 416.64 262.69 1.79 1.71 4.11 -6.25 1.69 14.47 3.09 4.01
Car 0.0 0 0.36 255.08 168.76 453.81 244.42 1.69 1.67 4.13 -6.05 1.62 17.20 0.02 3.47
Car 0.0 0 -2.93 417.50 175.39 514.39 210.40 1.49 1.66 4.15 -6.55 1.64 32.93 -3.13 2.00
Car 0.0 0 -1.66 646.49 175.19 687.60 207.76 1.44 1.52 3.41 2.62 1.57 34.13 -1.59 2.03
Car 0.0 0 -2.91 298.87 167.88 466.78 236.16 1.62 1.65 3.83 -5.86 1.53 18.75 3.07 2.75
Car 0.0 0 -1.66 633.87 172.01 667.45 200.43 1.55 1.64 4.05 2.32 1.55 42.89 -1.60 1.16
Car 0.0 0 -2.90 352.56 168.43 484.86 220.41 1.64 1.64 4.00 -6.16 1.51 23.33 3.13 1.63
Car 0.0 0 -3.07 430.23 168.35 527.70 204.88 1.64 1.68 4.42 -6.16 1.46 33.89 3.04 0.95
Car 0.0 0 -2.71 115.33 181.86 362.17 271.86 1.47 1.60 3.77 -6.78 1.69 13.33 3.10 2.17
Car 0.0 0 0.56 781.41 162.34 876.04 192.53 1.52 1.61 4.12 11.83 1.02 39.16 0.86 0.34
