Car 0.0 0 1.92 271.98 188.39 435.30 283.14 1.49 1.62 4.03 -4.78 1.83 14.01 1.59 7.61
Car 0.0 0 -1.96 809.52 186.54 1086.17 344.86 1.44 1.60 3.72 3.73 1.63 8.78 -1.55 8.98
Car 0.0 0 -1.86 739.31 177.88 885.08 272.31 1.46 1.62 4.17 3.58 1.59 13.73 -1.60 7.79
Car 0.0 0 -1.75 711.29 176.48 797.97 241.49 1.48 1.64 4.01 3.69 1.62 19.25 -1.55 6.06
Car 0.0 0 1.70 498.61 177.92 541.97 212.14 1.56 1.61 3.85 -4.41 1.84 35.72 1.58 2.80
Car 0.0 0 1.84 375.29 184.50 479.62 247.90 1.44 1.64 4.07 -4.78 1.79 19.35 1.60 5.34
Car 0.0 0 -1.66 701.25 176.20 758.52 223.41 1.51 1.60 3.71 4.10 1.65 25.25 -1.50 3.50
Car 0.0 0 2.11 -8.32 192.70 328.71 367.39 1.48 1.55 3.75 -4.55 1.72 7.76 1.59 6.41
Car 0.0 0 -1.70 686.19 175.60 732.91 214.09 1.54 1.55 3.68 4.19 1.69 31.11 -1.57 2.16
Car 0.0 0 1.73 519.53 176.69 559.11 205.06 1.52 1.61 3.90 -4.08 1.78 41.82 1.63 0.80
