Car 0.0 0 -0.34 804.85 184.35 992.63 252.56 1.50 1.65 3.94 7.02 1.84 17.89 0.04 4.90
Car 0.0 0 -2.70 40.57 181.79 347.06 280.67 1.45 1.69 4.24 -6.77 1.63 11.94 3.07 6.17
Car 0.0 0 -2.87 338.84 173.94 496.27 232.00 1.57 1.67 4.13 -5.60 1.64 21.13 -3.13 3.59
Car 0.0 0 0.51 295.27 175.81 484.30 238.60 1.46 1.63 4.26 -5.58 1.57 18.44 0.22 2.92
Car 0.0 0 -0.19 710.88 177.92 814.65 219.83 1.51 1.59 3.69 5.88 1.75 28.19 0.02 2.59
Car 0.0 0 2.62 921.30 184.20 1283.30 313.55 1.47 1.61 4.20 6.37 1.69 9.61 -3.07 3.87
Car 0.0 0 -0.37 786.69 180.35 943.86 241.41 1.58 1.63 3.89 7.06 1.83 20.25 -0.03 2.52
Car 0.0 0 -2.91 445.33 173.54 535.89 207.76 1.54 1.63 4.01 -5.66 1.60 34.07 -3.07 1.39
Car 0.0 0 -1.63 641.18 178.00 673.36 204.76 1.43 1.59 3.87 2.64 1.75 41.28 -1.56 1.37
Car 0.0 0 -2.76 245.78 178.04 434.51 252.63 1.46 1.59 3.69 -6.02 1.63 16.18 -3.12 2.47
Car 0.0 0 -2.76 201.53 177.67 423.14 260.80 1.50 1.63 3.92 -6.01 1.65 14.63 3.13 2.34
