Car 0.0 0 1.86 293.56 194.18 418.33 265.76 1.48 1.64 4.09 -6.06 2.03 17.61 1.53 6.58
Car 0.0 0 2.01 108.21 203.36 329.16 324.34 1.44 1.58 3.90 -5.86 1.97 11.29 1.54 7.89
Car 0.0 0 2.72 972.12 136.13 1240.02 226.01 1.48 1.70 4.43 9.34 0.84 13.71 -2.96 5.48
Car 0.0 0 -1.70 674.30 173.15 738.44 224.30 1.59 1.66 4.06 3.19 1.63 24.79 -1.57 4.67
Car 0.0 0 1.82 400.65 188.90 478.74 235.93 1.45 1.70 4.32 -5.94 2.05 25.52 1.60 4.29
Car 0.0 0 -1.73 693.77 173.17 777.77 235.68 1.53 1.65 4.03 3.36 1.58 20.16 -1.57 4.87
Car 0.0 0 -1.66 657.35 177.91 700.97 210.29 1.41 1.61 3.98 3.20 1.68 34.21 -1.57 1.85
Car 0.0 0 1.76 447.34 187.03 501.15 223.40 1.45 1.61 3.95 -5.90 2.09 31.62 1.58 1.95
Car 0.0 0 2.95 821.12 159.83 965.29 210.14 1.69 1.71 4.49 9.67 1.26 24.97 -2.97 1.44
Car 0.0 0 2.69 870.85 150.16 1046.89 215.22 1.60 1.67 4.22 9.25 1.04 19.35 3.13 1.76
Car 0.0 0 1.79 488.62 184.21 528.92 210.87 1.41 1.56 3.78 -5.64 2.06 40.38 1.65 0.53
