Car 0.0 0 1.80 290.28 197.15 429.69 298.78 1.51 1.59 3.78 -4.40 1.98 13.07 1.48 7.45
Car 0.0 0 -1.86 717.01 193.23 903.39 310.89 1.40 1.57 3.69 2.75 1.75 11.04 -1.61 7.90
Car 0.0 0 -1.72 647.44 177.38 756.27 264.56 1.61 1.63 3.82 1.79 1.75 15.50 -1.60 6.31
Car 0.0 0 -1.66 603.51 184.01 653.54 223.22 1.46 1.59 3.85 0.66 1.91 28.87 -1.63 3.28
Car 0.0 0 1.73 415.18 176.16 489.77 239.49 1.68 1.66 4.04 -4.64 1.82 21.59 1.52 3.57
Car 0.0 0 1.69 481.78 182.20 514.41 207.12 1.46 1.59 3.82 -6.84 2.05 44.12 1.54 0.93
Car 0.0 0 -1.73 622.14 182.51 692.58 238.66 1.51 1.55 3.39 1.28 1.81 21.32 -1.67 2.17
Car 0.0 0 1.97 -102.13 203.78 355.82 418.80 1.62 1.63 4.17 -3.32 1.88 5.62 1.44 3.09
Car 0.0 0 -2.03 804.08 195.22 1249.14 374.28 1.44 1.55 3.99 3.02 1.76 6.19 -1.57 2.55
Car 0.0 0 -1.64 593.83 182.62 628.75 211.87 1.44 1.58 3.87 -0.03 1.98 38.56 -1.64 0.39
