Car 0.0 0 -1.74 702.41 188.19 804.73 260.50 1.42 1.60 3.77 3.13 1.80 16.63 -1.55 6.15
Car 0.0 0 -1.66 658.02 177.29 701.12 212.21 1.48 1.59 3.85 3.09 1.70 33.00 -1.57 3.20
Car 0.0 0 1.65 543.68 181.19 585.07 215.88 1.47 1.54 3.57 -2.05 1.86 32.59 1.59 2.94
Car 0.0 0 0.57 -82.74 163.60 309.13 326.54 1.57 1.62 4.06 -5.87 1.52 8.33 -0.04 4.13
Car 0.0 0 0.53 271.41 180.19 462.28 249.51 1.47 1.59 3.97 -5.71 1.69 17.05 0.21 1.73
Car 0.0 0 -1.91 776.41 199.41 1109.86 377.22 1.45 1.58 3.89 2.76 1.78 7.13 -1.53 3.90
Car 0.0 0 -3.04 322.06 178.59 497.43 233.31 1.48 1.67 4.56 -5.81 1.69 21.18 2.98 1.29
Car 0.0 0 -2.72 196.75 180.60 439.60 266.15 1.46 1.60 3.98 -5.54 1.66 13.82 -3.10 1.15
Car 0.0 0 -2.49 474.45 178.32 554.42 209.86 1.46 1.53 3.53 -4.76 1.76 35.58 -2.63 0.41
Car 0.0 0 0.39 165.28 179.14 430.61 266.53 1.47 1.65 4.37 -5.77 1.63 13.50 -0.01 0.83
