Car 0.0 0 -1.91 754.38 192.90 1064.04 377.27 1.51 1.62 3.84 2.81 1.75 7.93 -1.56 8.42
Car 0.0 0 -1.69 673.10 176.94 761.58 250.62 1.54 1.60 3.96 2.45 1.67 17.58 -1.55 6.12
Car 0.0 0 -1.70 658.79 181.93 722.80 231.58 1.42 1.59 3.69 2.44 1.73 22.96 -1.59 4.38
Car 0.0 0 -2.81 419.85 175.94 522.26 220.46 1.64 1.60 3.70 -5.54 1.81 28.67 -3.00 2.57
Car 0.0 0 -2.85 285.37 183.55 456.88 245.39 1.45 1.64 4.08 -6.15 1.77 18.69 3.12 2.98
Car 0.0 0 -2.68 228.39 185.43 432.15 259.81 1.45 1.61 3.82 -6.17 1.77 15.88 -3.04 3.31
Car 0.0 0 -2.90 455.49 176.87 541.21 208.84 1.49 1.62 3.93 -5.59 1.72 35.98 -3.06 1.15
Car 0.0 0 -1.66 643.47 178.15 687.99 215.87 1.54 1.58 3.72 2.36 1.80 31.92 -1.58 1.78
Car 0.0 0 -2.98 -6.35 157.61 367.53 301.02 1.73 1.72 4.44 -5.84 1.58 9.98 2.77 1.81
Car 0.0 0 -1.68 799.64 194.24 1058.61 388.58 1.54 1.60 3.49 2.94 1.78 7.12 -1.29 2.83
Car 0.0 0 -1.59 634.16 178.72 660.05 202.14 1.50 1.54 3.60 2.34 1.87 46.43 -1.54 0.31
