Car 0.0 0 -1.77 729.84 180.89 820.77 245.74 1.48 1.62 3.98 4.18 1.71 19.05 -1.55 6.49
Car 0.0 0 -1.85 760.02 182.18 909.39 278.29 1.48 1.61 3.76 3.94 1.69 13.38 -1.56 7.43
Car 0.0 0 1.77 441.80 185.75 517.23 237.24 1.48 1.63 3.93 -4.23 1.94 23.71 1.60 5.42
Car 0.0 0 -2.00 836.82 196.69 1142.30 359.52 1.42 1.58 3.80 4.00 1.72 8.36 -1.55 8.50
Car 0.0 0 -1.68 710.51 178.77 770.87 227.96 1.52 1.60 3.64 4.31 1.75 24.44 -1.51 4.90
Car 0.0 0 -1.70 692.52 179.04 742.91 219.32 1.51 1.55 3.67 4.32 1.79 29.57 -1.56 2.40
Car 0.0 0 1.74 488.25 183.67 542.54 222.31 1.49 1.62 4.02 -4.02 1.99 30.88 1.61 1.66
Car 0.0 0 1.69 510.44 184.45 555.44 217.24 1.50 1.65 4.10 -3.75 2.08 35.41 1.58 1.15
Car 0.0 0 -1.65 685.95 176.42 725.41 210.85 1.58 1.64 4.07 4.77 1.80 36.60 -1.52 0.89
Car 0.0 0 1.82 558.72 179.51 594.09 201.89 1.49 1.60 3.86 -2.28 1.96 49.70 1.78 0.45
Car 0.0 0 -2.24 1146.70 176.69 1248.40 226.08 1.62 1.61 3.74 21.24 1.82 26.14 -1.55 0.53
