Car 0.0 0 -1.83 723.88 191.17 895.91 303.54 1.40 1.62 3.92 2.90 1.73 11.62 -1.58 8.24
Car 0.0 0 -2.83 286.38 176.57 479.16 246.58 1.52 1.65 4.05 -5.49 1.66 17.55 -3.13 4.51
Car 0.0 0 -1.65 655.31 173.02 692.82 204.70 1.51 1.59 3.83 3.16 1.53 36.55 -1.56 2.80
Car 0.0 0 1.64 552.39 177.86 589.52 208.49 1.47 1.59 3.82 -1.98 1.74 36.96 1.59 2.58
Car 0.0 0 -3.05 372.90 176.00 511.63 221.23 1.47 1.65 4.37 -5.84 1.61 25.21 3.01 1.78
Car 0.0 0 -2.63 474.98 175.60 546.26 203.02 1.47 1.58 3.71 -5.70 1.65 41.14 -2.77 1.15
Car 0.0 0 -1.69 690.35 181.63 762.85 239.58 1.44 1.59 3.71 3.14 1.72 20.27 -1.53 3.05
Car 0.0 0 -2.67 109.57 177.36 404.22 276.99 1.47 1.62 4.01 -5.71 1.58 11.85 -3.12 1.53
Car 0.0 0 0.42 342.21 178.94 493.97 232.64 1.42 1.59 3.92 -5.48 1.62 20.67 0.16 0.92
Car 0.0 0 1.11 127.79 174.96 236.12 221.10 1.47 1.47 3.73 -15.05 1.57 25.18 0.57 0.21
