Car 0.0 0 -1.89 748.23 188.74 977.97 336.50 1.50 1.54 3.56 2.95 1.73 9.42 -1.58 8.80
Car 0.0 0 -2.82 147.32 173.13 385.77 264.94 1.60 1.66 3.83 -6.52 1.64 13.86 3.03 5.00
Car 0.0 0 2.83 710.21 173.10 842.58 221.80 1.57 1.66 4.18 5.58 1.60 24.78 3.05 2.74
Car 0.0 0 0.46 -58.95 163.11 331.33 323.60 1.59 1.67 4.14 -5.74 1.55 8.67 -0.12 4.65
Car 0.0 0 -2.36 441.77 172.90 523.21 206.48 1.47 1.55 3.46 -5.97 1.50 33.53 -2.53 1.45
Car 0.0 0 -2.55 819.06 181.35 999.04 260.31 1.47 1.60 3.79 6.33 1.70 15.56 -2.16 1.77
Car 0.0 0 -2.58 405.83 174.41 497.88 206.86 1.42 1.59 3.82 -7.31 1.51 33.18 -2.80 0.61
Car 0.0 0 0.99 355.97 173.24 465.51 222.80 1.46 1.56 3.71 -6.83 1.53 24.36 0.72 0.64
Car 0.0 0 -1.55 762.60 174.70 900.52 256.82 1.47 1.54 3.46 4.65 1.57 15.29 -1.25 1.08
Car 0.0 0 -2.55 481.20 169.54 539.28 193.69 1.52 1.55 3.49 -6.36 1.31 45.88 -2.69 0.26
Car 0.0 0 -2.58 423.76 174.76 511.38 206.04 1.42 1.55 3.56 -6.65 1.52 33.55 -2.77 0.40
Car 0.0 0 -2.56 287.23 172.37 466.08 249.71 1.52 1.61 3.78 -5.45 1.58 16.54 -2.88 0.80
