Car 0.0 0 -2.88 315.12 191.25 457.83 242.95 1.49 1.64 3.90 -6.87 2.08 22.37 3.11 4.69
Car 0.0 0 -2.43 852.00 175.76 1063.36 258.41 1.46 1.62 3.89 7.03 1.57 14.91 -1.99 5.37
Car 0.0 0 -1.74 648.34 182.15 709.18 224.85 1.43 1.57 3.52 2.44 1.80 26.68 -1.65 3.80
Car 0.0 0 -1.69 629.77 181.04 672.15 213.22 1.45 1.61 3.91 1.87 1.87 35.04 -1.64 1.92
Car 0.0 0 -2.54 243.99 195.02 405.23 257.68 1.39 1.59 3.75 -7.10 1.96 17.77 -2.92 2.99
Car 0.0 0 3.01 445.64 182.46 528.42 214.02 1.56 1.65 4.12 -6.47 2.11 37.94 2.84 1.08
Car 0.0 0 -2.90 382.15 189.55 487.25 228.26 1.45 1.61 3.85 -6.94 2.13 28.72 -3.14 1.33
Car 0.0 0 -2.97 361.55 193.21 475.98 232.93 1.39 1.61 3.97 -7.04 2.15 26.71 3.05 1.08
Car 0.0 0 -2.70 98.85 168.85 383.31 278.98 1.73 1.66 4.10 -6.30 1.70 12.53 3.12 1.52
Car 0.0 0 0.40 417.51 186.97 502.38 217.80 1.45 1.59 3.98 -7.64 2.21 36.56 0.20 0.47
Car 0.0 0 1.87 910.08 178.97 968.62 207.83 1.41 1.46 3.74 17.02 1.72 37.23 2.30 0.24
Car 0.0 0 -2.62 174.15 190.19 387.96 269.46 1.47 1.60 3.79 -6.70 1.86 14.75 -3.05 0.97
Car 0.0 0 1.87 929.93 176.53 974.11 201.48 1.48 1.52 3.73 20.28 1.69 42.77 2.31 0.19
