Car 0.0 0 -0.35 731.30 182.27 875.63 237.78 1.46 1.60 3.64 5.57 1.78 21.17 -0.09 4.71
Car 0.0 0 -1.67 635.01 182.00 674.80 213.72 1.42 1.58 3.84 2.07 1.87 34.68 -1.60 2.87
Car 0.0 0 0.59 65.79 184.49 388.04 296.13 1.45 1.59 4.03 -5.80 1.68 10.93 0.11 4.27
Car 0.0 0 -0.38 874.46 182.21 1157.22 288.16 1.60 1.63 3.99 6.56 1.79 12.02 0.12 3.61
Car 0.0 0 -0.48 969.29 191.99 1264.40 324.66 1.52 1.64 3.89 6.85 1.84 9.94 0.13 5.34
Car 0.0 0 -2.76 247.32 179.28 439.34 247.82 1.45 1.62 3.85 -6.28 1.66 17.10 -3.11 2.90
Car 0.0 0 -2.91 395.78 180.83 505.20 220.39 1.43 1.61 3.84 -6.05 1.75 27.54 -3.12 1.77
Car 0.0 0 -2.70 161.89 183.45 409.87 269.88 1.45 1.62 3.88 -5.93 1.68 13.39 -3.12 2.61
Car 0.0 0 -2.65 199.88 174.87 415.73 263.30 1.53 1.61 3.74 -6.02 1.64 14.47 -3.04 2.43
Car 0.0 0 -2.93 333.35 179.44 458.16 232.19 1.54 1.59 3.66 -6.75 1.78 22.76 3.07 1.11
Car 0.0 0 -2.69 -22.43 186.78 345.59 301.01 1.42 1.58 4.19 -6.18 1.64 9.93 3.04 1.19
Car 0.0 0 -2.65 466.81 179.70 538.23 207.33 1.47 1.57 3.63 -5.95 1.87 39.89 -2.79 0.40
