Car 0.0 0 -1.78 683.55 171.74 819.07 273.41 1.66 1.63 3.87 2.48 1.67 13.76 -1.60 8.25
Car 0.0 0 -1.70 656.53 180.16 717.58 226.68 1.47 1.61 3.93 2.59 1.76 25.35 -1.60 4.15
Car 0.0 0 -2.94 444.86 176.31 527.04 209.74 1.60 1.64 3.91 -6.30 1.80 36.61 -3.11 2.10
Car 0.0 0 -2.91 318.58 173.85 476.80 232.73 1.56 1.65 3.94 -6.03 1.63 20.69 3.09 3.30
Car 0.0 0 -2.67 -98.88 179.59 280.23 311.41 1.46 1.63 4.15 -6.71 1.62 9.46 3.00 4.94
Car 0.0 0 -2.85 266.30 170.97 450.69 248.10 1.76 1.66 3.81 -6.04 1.73 17.51 3.10 3.54
Car 0.0 0 -2.89 223.12 182.75 413.57 253.60 1.56 1.63 3.93 -6.80 1.81 17.01 3.02 3.30
Car 0.0 0 -1.65 639.18 179.58 677.98 210.42 1.43 1.54 3.62 2.36 1.80 36.18 -1.58 1.97
Car 0.0 0 -1.73 668.08 182.53 747.63 239.85 1.39 1.60 3.80 2.59 1.70 20.19 -1.60 3.78
Car 0.0 0 -2.88 353.91 169.86 492.12 226.71 1.71 1.68 4.04 -6.00 1.66 23.23 -3.13 2.49
Car 0.0 0 -2.75 163.39 186.65 390.04 274.10 1.44 1.58 3.61 -6.09 1.73 13.23 3.11 2.76
Car 0.0 0 -2.73 93.38 185.35 381.48 285.42 1.45 1.63 3.99 -5.96 1.69 11.71 3.08 2.25
Car 0.0 0 -1.62 628.77 176.94 656.98 202.00 1.53 1.63 4.05 2.03 1.80 46.16 -1.58 0.44
Car 0.0 0 -2.74 400.19 173.94 503.02 214.46 1.58 1.62 3.90 -6.62 1.66 30.02 -2.95 0.51
