Car 0.0 0 -1.75 684.78 187.18 763.84 243.09 1.39 1.58 3.63 3.05 1.81 20.18 -1.60 5.58
Car 0.0 0 -1.98 791.91 178.38 1144.23 382.39 1.57 1.63 3.79 3.17 1.66 7.29 -1.56 8.25
Car 0.0 0 -2.66 17.10 187.07 331.24 291.79 1.47 1.67 4.26 -6.87 1.75 11.57 3.09 5.87
Car 0.0 0 -2.81 182.35 182.41 414.10 273.93 1.52 1.62 3.73 -5.94 1.75 13.76 3.06 5.23
Car 0.0 0 -2.77 287.84 180.43 477.89 247.01 1.53 1.67 4.12 -5.72 1.77 18.31 -3.07 2.53
Car 0.0 0 -2.48 464.73 179.69 539.71 208.65 1.46 1.57 3.59 -5.78 1.85 38.35 -2.63 0.96
Car 0.0 0 -2.53 429.57 179.95 527.98 221.99 1.43 1.54 3.40 -4.96 1.74 27.09 -2.71 1.69
Car 0.0 0 -2.26 495.04 178.19 549.07 202.32 1.56 1.58 3.65 -5.74 1.90 46.75 -2.38 0.34
Car 0.0 0 -0.44 794.05 189.46 903.04 236.36 1.43 1.53 3.40 7.76 2.00 23.69 -0.12 0.75
Car 0.0 0 0.43 351.78 178.21 487.58 233.16 1.52 1.59 3.72 -5.82 1.73 21.99 0.17 0.57
Car 0.0 0 1.40 351.29 176.68 405.93 209.58 1.51 1.49 3.65 -11.70 1.76 36.24 1.09 0.18
