Car 0.0 0 -2.26 801.36 179.68 964.53 246.52 1.42 1.59 3.88 6.66 1.64 18.01 -1.91 5.44
Car 0.0 0 -2.78 344.42 185.00 468.36 232.21 1.54 1.60 3.61 -7.03 1.98 25.07 -3.05 4.03
Car 0.0 0 -1.68 619.64 178.91 657.19 209.48 1.52 1.59 3.79 1.43 1.88 38.69 -1.64 2.25
Car 0.0 0 -1.73 636.03 181.89 689.46 219.88 1.47 1.58 3.66 2.10 1.87 30.22 -1.66 2.61
Car 0.0 0 -2.93 387.08 183.69 490.81 220.35 1.47 1.64 4.09 -7.22 1.95 30.56 3.12 1.53
Car 0.0 0 3.03 448.52 178.90 524.27 208.68 1.59 1.65 4.01 -7.01 1.97 40.76 2.86 1.05
Car 0.0 0 -2.67 -165.19 192.48 207.37 344.24 1.59 1.69 4.08 -7.00 1.86 8.52 2.93 3.15
Car 0.0 0 -2.96 130.82 169.14 402.49 285.11 1.91 1.73 4.19 -6.11 1.88 12.99 2.88 1.65
Car 0.0 0 -3.03 428.44 183.76 505.80 211.32 1.44 1.58 3.93 -7.79 2.05 39.26 3.06 0.48
Car 0.0 0 -2.43 -31.64 184.44 227.49 345.74 1.62 1.65 3.89 -6.71 1.82 8.79 -3.08 1.51
Car 0.0 0 -2.65 -8.73 193.13 307.01 308.32 1.46 1.62 3.93 -6.41 1.78 10.13 3.08 1.34
Car 0.0 0 -2.67 238.63 166.41 426.24 247.15 1.83 1.65 3.91 -6.73 1.72 17.57 -3.03 0.64
