Car 0.0 0 1.93 268.12 196.77 401.40 277.53 1.55 1.54 3.55 -5.98 2.09 16.00 1.57 6.99
Car 0.0 0 1.82 365.23 191.34 452.13 245.34 1.49 1.63 3.97 -6.30 2.11 22.89 1.56 5.81
Car 0.0 0 2.03 96.04 209.01 327.87 323.31 1.39 1.60 3.97 -5.96 1.99 11.24 1.55 7.41
Car 0.0 0 1.76 433.92 188.03 495.21 226.97 1.43 1.73 4.46 -5.91 2.08 29.64 1.56 4.08
Car 0.0 0 2.65 870.62 145.12 1074.12 213.90 1.65 1.72 4.54 9.38 0.98 18.96 3.11 3.73
Car 0.0 0 -1.67 661.40 174.99 711.63 215.79 1.53 1.60 3.85 3.05 1.65 29.65 -1.56 2.58
Car 0.0 0 -1.63 648.11 177.82 683.50 204.95 1.42 1.61 3.97 3.09 1.73 40.84 -1.56 0.85
Car 0.0 0 2.39 815.57 151.30 961.56 207.05 1.57 1.63 4.01 8.71 0.94 22.54 2.76 1.05
Car 0.0 0 3.07 776.86 158.63 907.44 205.05 1.60 1.67 4.25 8.24 1.12 25.94 -2.90 0.91
Car 0.0 0 -1.69 676.34 177.82 736.37 225.30 1.52 1.62 3.94 3.26 1.71 25.33 -1.56 1.18
Car 0.0 0 1.83 497.02 183.64 536.14 209.86 1.48 1.58 3.77 -5.69 2.17 44.11 1.71 0.55
Car 0.0 0 1.76 465.59 185.25 512.24 217.85 1.47 1.62 4.02 -5.95 2.12 35.68 1.59 0.48
