Car 0.0 0 -1.92 774.24 189.86 1087.07 378.91 1.50 1.60 3.64 2.91 1.70 7.54 -1.54 8.54
Car 0.0 0 -2.93 330.64 168.38 488.15 228.91 1.70 1.69 4.13 -5.91 1.60 21.50 3.09 4.64
Car 0.0 0 -1.74 677.88 184.62 760.53 244.77 1.39 1.58 3.64 2.73 1.72 19.10 -1.60 5.72
Car 0.0 0 0.48 253.49 177.37 441.13 243.33 1.50 1.65 4.08 -6.62 1.66 18.32 0.13 4.27
Car 0.0 0 -1.66 650.12 177.46 700.45 218.10 1.51 1.61 3.86 2.52 1.71 28.93 -1.58 3.96
Car 0.0 0 -2.65 -9.01 173.06 335.03 299.45 1.48 1.62 3.94 -5.93 1.54 9.70 3.09 3.36
Car 0.0 0 -2.95 468.63 178.33 536.12 208.06 1.60 1.59 3.65 -6.04 1.92 40.29 -3.09 0.84
Car 0.0 0 -2.57 107.02 176.79 357.83 269.91 1.46 1.61 3.85 -6.59 1.57 12.70 -3.04 1.83
Car 0.0 0 -1.66 640.98 175.23 677.02 206.60 1.56 1.64 4.11 2.62 1.75 40.05 -1.59 0.72
Car 0.0 0 -2.92 386.07 173.49 513.71 220.03 1.60 1.66 4.15 -5.58 1.62 25.31 -3.13 0.80
Car 0.0 0 -2.96 438.82 177.88 525.76 210.24 1.51 1.63 4.04 -6.35 1.79 35.87 -3.13 0.49
Car 0.0 0 -2.56 -87.48 181.01 273.49 345.65 1.61 1.65 4.02 -5.97 1.73 8.10 3.10 1.10
