Car 0.0 0 2.00 187.67 191.91 400.36 310.50 1.45 1.57 3.76 -4.66 1.77 11.18 1.61 8.03
Car 0.0 0 -1.84 769.53 181.44 946.81 293.51 1.44 1.61 3.80 3.78 1.63 11.80 -1.52 8.02
Car 0.0 0 1.87 351.59 185.86 467.03 259.89 1.54 1.60 3.88 -4.72 1.87 17.46 1.61 6.22
Car 0.0 0 -1.78 720.90 177.53 825.35 251.25 1.48 1.59 3.96 3.68 1.62 17.14 -1.56 6.31
Car 0.0 0 1.82 418.37 184.58 500.94 237.90 1.45 1.67 4.24 -4.64 1.86 22.75 1.62 4.85
Car 0.0 0 -1.72 702.74 176.85 772.94 231.77 1.52 1.62 3.89 3.87 1.69 22.58 -1.55 4.59
Car 0.0 0 1.72 512.99 179.00 553.47 209.41 1.52 1.63 3.96 -4.08 1.86 38.52 1.61 1.60
Car 0.0 0 -1.68 686.34 176.10 732.11 214.19 1.55 1.61 3.95 4.40 1.75 32.66 -1.54 1.72
Car 0.0 0 -2.10 879.54 193.82 1266.38 377.06 1.45 1.56 3.61 3.80 1.66 6.39 -1.55 4.30
Car 0.0 0 -1.66 695.05 176.58 748.20 220.88 1.56 1.61 3.98 4.21 1.73 27.82 -1.50 1.22
Car 0.0 0 1.76 522.62 176.97 566.28 204.37 1.51 1.61 3.93 -3.89 1.81 43.22 1.67 0.34
