Car 0.0 0 -1.72 689.05 180.03 773.18 245.96 1.48 1.61 3.86 3.01 1.70 18.91 -1.56 6.11
Car 0.0 0 -2.73 305.35 176.66 476.22 237.87 1.42 1.62 3.81 -5.62 1.56 18.64 -3.02 3.52
Car 0.0 0 -0.36 726.41 172.26 873.15 225.46 1.54 1.65 4.15 5.85 1.56 22.60 -0.10 2.46
Car 0.0 0 0.51 170.49 180.20 417.79 266.41 1.45 1.60 3.97 -5.94 1.64 13.72 0.10 2.83
Car 0.0 0 0.44 243.07 175.37 457.54 254.01 1.53 1.63 3.98 -5.49 1.62 15.41 0.10 2.42
Car 0.0 0 -2.49 61.15 187.11 301.03 286.91 1.46 1.63 3.94 -7.57 1.77 12.61 -3.02 2.57
Car 0.0 0 -2.95 440.85 174.62 517.09 211.62 1.71 1.60 3.62 -6.35 1.82 34.73 -3.13 0.90
Car 0.0 0 -2.89 420.79 172.23 512.78 213.75 1.72 1.63 3.84 -6.18 1.72 31.16 -3.09 0.86
Car 0.0 0 -2.78 382.80 175.67 503.58 218.58 1.51 1.64 4.12 -6.14 1.62 26.53 -3.00 0.84
Car 0.0 0 -2.91 467.11 173.54 545.60 204.49 1.65 1.66 4.00 -5.82 1.72 40.30 -3.05 0.39
Car 0.0 0 -1.62 634.95 175.34 660.38 197.85 1.52 1.63 3.97 2.61 1.73 50.62 -1.57 0.29
