Car 0.0 0 1.98 161.50 201.39 351.49 308.29 1.49 1.60 4.00 -6.00 2.03 12.77 1.54 8.00
Car 0.0 0 1.86 316.39 192.90 429.15 257.07 1.48 1.68 4.24 -6.22 2.04 19.31 1.55 6.06
Car 0.0 0 2.71 941.76 139.00 1192.00 221.33 1.51 1.69 4.48 9.25 0.87 14.85 -3.02 5.17
Car 0.0 0 1.80 409.61 188.77 482.79 233.41 1.44 1.69 4.27 -5.89 2.05 26.23 1.59 4.99
Car 0.0 0 -1.68 669.36 174.58 728.94 222.43 1.57 1.63 3.94 3.10 1.66 25.93 -1.56 3.16
Car 0.0 0 -1.72 692.03 172.43 768.12 232.78 1.60 1.66 4.03 3.43 1.62 21.44 -1.56 3.76
Car 0.0 0 1.77 451.50 184.97 504.74 220.32 1.46 1.66 4.19 -5.97 2.04 32.98 1.60 1.94
Car 0.0 0 -1.64 655.47 178.27 694.33 207.88 1.41 1.64 4.12 3.20 1.69 36.47 -1.55 1.29
Car 0.0 0 2.17 -20.22 217.53 228.39 378.52 1.54 1.55 3.51 -6.23 2.07 8.28 1.53 3.15
Car 0.0 0 1.82 488.20 184.16 531.49 210.79 1.42 1.55 3.70 -5.63 2.07 40.81 1.69 0.97
Car 0.0 0 2.34 852.30 150.60 1025.68 216.08 1.55 1.64 4.03 8.83 1.00 19.35 2.77 1.18
Car 0.0 0 3.00 808.38 161.57 946.88 208.43 1.59 1.68 4.40 9.26 1.21 25.31 -2.93 0.59
Car 0.0 0 2.19 -18.35 214.21 229.89 380.34 1.55 1.57 3.64 -5.94 2.04 8.24 1.57 1.03
