Car 0.0 0 -1.85 747.08 181.61 967.23 329.33 1.44 1.59 3.69 2.91 1.61 9.45 -1.54 9.02
Car 0.0 0 -1.72 672.98 176.97 741.94 231.46 1.46 1.57 3.45 2.78 1.61 21.57 -1.59 5.67
Car 0.0 0 -2.91 354.22 165.90 498.42 220.87 1.67 1.68 4.07 -5.91 1.47 23.45 3.13 3.98
Car 0.0 0 0.49 290.76 173.40 460.46 230.91 1.50 1.66 4.16 -6.71 1.56 20.80 0.18 3.74
Car 0.0 0 -1.67 648.26 171.58 693.99 209.56 1.52 1.58 3.65 2.57 1.49 31.37 -1.59 2.96
Car 0.0 0 -2.87 396.26 166.12 520.30 212.57 1.70 1.72 4.29 -5.64 1.46 26.96 -3.07 1.99
Car 0.0 0 -2.65 92.97 170.33 381.48 277.41 1.53 1.67 4.08 -6.19 1.55 12.06 -3.12 3.57
Car 0.0 0 -2.95 434.25 172.20 523.15 206.42 1.60 1.64 4.04 -6.30 1.58 34.48 -3.13 0.65
Car 0.0 0 -2.89 446.74 173.26 526.55 204.49 1.59 1.63 3.92 -6.55 1.63 38.14 -3.06 0.51
Car 0.0 0 -3.07 478.06 173.69 535.35 198.11 1.53 1.57 3.67 -6.65 1.60 46.33 3.07 0.39
Car 0.0 0 -1.65 638.58 171.25 671.50 199.14 1.53 1.67 4.27 2.56 1.46 42.65 -1.58 0.48
