Car 0.0 0 -1.90 732.38 187.19 931.89 314.64 1.44 1.57 3.51 2.94 1.69 10.45 -1.62 8.53
Car 0.0 0 1.70 436.88 180.39 507.85 235.17 1.55 1.64 3.93 -4.31 1.81 22.84 1.52 5.63
Car 0.0 0 -1.73 675.31 178.00 774.69 252.77 1.56 1.60 3.70 2.61 1.72 17.38 -1.58 6.28
Car 0.0 0 -1.69 628.81 177.87 683.13 219.28 1.51 1.61 3.96 1.70 1.73 28.59 -1.63 3.82
Car 0.0 0 -1.73 647.30 175.82 721.77 232.83 1.55 1.61 3.86 2.14 1.68 22.02 -1.63 4.80
Car 0.0 0 1.97 9.91 191.61 382.09 384.90 1.54 1.58 3.79 -3.43 1.74 6.62 1.50 5.08
Car 0.0 0 1.65 470.14 181.69 517.31 221.47 1.54 1.60 3.88 -4.89 1.93 30.49 1.50 1.94
Car 0.0 0 1.64 495.82 179.19 529.67 209.25 1.61 1.64 4.02 -5.57 2.00 41.45 1.50 0.99
Car 0.0 0 1.14 835.79 190.11 1352.89 421.20 1.55 1.55 3.96 2.85 1.75 5.13 1.66 1.72
Car 0.0 0 -1.70 622.98 177.46 665.19 210.84 1.48 1.54 3.77 1.58 1.75 35.72 -1.65 0.33
