Car 0.0 0 2.69 770.10 177.02 970.51 254.12 1.59 1.63 3.92 5.84 1.73 16.50 3.04 4.83
Car 0.0 0 -1.66 634.42 178.16 676.01 212.39 1.46 1.58 3.82 2.00 1.73 33.38 -1.60 3.20
Car 0.0 0 -0.32 854.43 184.47 1148.32 286.37 1.47 1.62 4.03 6.23 1.71 11.86 0.17 4.66
Car 0.0 0 -0.37 854.64 181.25 1128.20 283.91 1.49 1.64 4.04 6.21 1.69 12.09 0.11 4.69
Car 0.0 0 -2.80 135.37 162.19 400.07 268.02 1.81 1.73 4.17 -6.33 1.65 13.48 3.04 4.04
Car 0.0 0 -2.72 -6.82 182.44 301.74 296.64 1.44 1.62 3.87 -6.61 1.63 10.45 3.01 4.47
Car 0.0 0 -0.08 734.29 172.71 856.49 223.57 1.52 1.63 3.89 6.12 1.59 24.09 0.17 1.59
Car 0.0 0 -0.12 831.58 184.80 1044.52 267.11 1.58 1.63 3.83 6.62 1.85 14.90 0.31 1.67
Car 0.0 0 -2.85 215.43 170.27 430.31 249.65 1.68 1.69 4.34 -6.41 1.64 16.23 3.06 1.04
Car 0.0 0 -2.84 228.62 172.06 433.40 247.49 1.66 1.69 4.33 -6.54 1.67 17.05 3.08 0.97
Car 0.0 0 0.66 388.74 178.21 507.54 219.40 1.44 1.55 3.82 -6.22 1.68 27.52 0.44 0.47
Car 0.0 0 -1.64 620.32 176.39 648.82 200.91 1.51 1.62 3.95 1.50 1.75 46.85 -1.60 0.31
