Car 0.0 0 -1.87 726.63 181.80 895.27 300.96 1.48 1.60 3.66 2.91 1.67 11.40 -1.61 8.26
Car 0.0 0 -1.72 668.51 178.03 732.59 228.28 1.46 1.58 3.48 2.77 1.64 23.12 -1.60 5.39
Car 0.0 0 -2.76 320.01 175.14 476.78 227.70 1.48 1.68 4.19 -6.48 1.59 22.29 -3.04 3.61
Car 0.0 0 -2.64 176.84 169.39 407.56 260.64 1.59 1.64 3.81 -6.07 1.56 13.86 -3.04 4.23
Car 0.0 0 -2.83 374.64 168.87 502.36 217.51 1.67 1.68 4.17 -6.10 1.54 25.86 -3.06 2.60
Car 0.0 0 -1.66 646.60 172.89 687.87 207.71 1.50 1.55 3.49 2.59 1.53 33.70 -1.58 2.01
Car 0.0 0 -2.87 422.01 168.18 526.35 211.16 1.77 1.70 4.11 -5.68 1.59 30.23 -3.05 1.83
Car 0.0 0 -2.00 813.60 191.02 1212.88 367.33 1.44 1.58 3.92 2.96 1.72 6.36 -1.56 2.79
Car 0.0 0 -1.63 637.04 172.48 665.75 197.90 1.54 1.64 4.09 2.57 1.52 46.35 -1.58 0.47
Car 0.0 0 -2.91 466.72 174.70 531.05 203.13 1.58 1.59 3.67 -6.41 1.69 41.43 -3.07 0.41
Car 0.0 0 0.52 -60.99 157.32 317.59 291.68 1.53 1.62 4.26 -6.36 1.40 9.62 -0.06 1.06
