Car 0.0 0 1.97 158.65 203.17 347.04 304.57 1.41 1.60 3.99 -6.08 1.98 12.78 1.53 7.59
Car 0.0 0 1.92 296.61 195.35 415.43 268.42 1.56 1.55 3.59 -6.13 2.13 17.70 1.59 6.45
Car 0.0 0 1.80 375.04 189.77 460.89 240.81 1.47 1.71 4.37 -6.24 2.06 23.79 1.55 5.48
Car 0.0 0 2.75 859.51 146.81 1046.36 211.64 1.68 1.71 4.53 9.47 1.00 20.24 -3.09 3.75
Car 0.0 0 1.78 441.78 187.69 498.87 224.53 1.40 1.69 4.31 -5.90 2.07 30.72 1.59 3.34
Car 0.0 0 -1.68 658.72 175.81 706.51 213.78 1.52 1.59 3.82 3.08 1.68 31.51 -1.58 1.83
Car 0.0 0 -1.64 646.98 177.58 680.08 203.75 1.44 1.61 4.00 3.11 1.75 42.78 -1.57 0.93
Car 0.0 0 2.51 803.64 152.61 945.23 204.89 1.61 1.66 4.15 8.80 0.97 24.04 2.86 1.20
Car 0.0 0 0.03 771.43 159.77 903.64 202.61 1.53 1.70 4.46 8.36 1.07 26.81 0.34 0.99
Car 0.0 0 -1.70 671.07 174.28 734.09 222.77 1.56 1.63 3.97 3.16 1.65 25.60 -1.58 1.30
Car 0.0 0 -1.05 1174.51 132.81 1263.06 177.51 1.52 1.58 3.68 22.87 0.06 27.06 -0.34 0.64
