Car 0.0 0 -1.74 727.43 179.63 835.25 263.03 1.49 1.58 3.66 3.40 1.65 15.11 -1.51 7.20
Car 0.0 0 -2.84 283.78 177.93 463.98 241.50 1.51 1.68 4.08 -6.21 1.70 19.23 3.14 5.72
Car 0.0 0 -1.69 705.78 174.81 786.27 238.22 1.58 1.62 3.87 3.68 1.66 20.25 -1.50 5.64
Car 0.0 0 -1.67 680.72 178.64 722.74 211.62 1.46 1.57 3.76 4.24 1.75 34.11 -1.54 2.39
Car 0.0 0 0.44 146.51 183.96 416.10 278.17 1.47 1.66 4.10 -5.84 1.73 12.99 0.02 4.51
Car 0.0 0 -2.79 373.40 178.31 497.17 224.60 1.47 1.61 3.87 -5.92 1.69 24.56 -3.03 1.64
Car 0.0 0 -2.99 420.19 176.37 528.55 220.87 1.59 1.61 3.85 -5.13 1.75 27.30 3.11 1.44
Car 0.0 0 -2.79 445.71 175.97 543.01 218.34 1.62 1.62 3.74 -4.73 1.78 29.38 -2.94 1.14
Car 0.0 0 -2.69 482.89 173.28 568.93 206.44 1.57 1.63 3.96 -4.32 1.65 36.76 -2.81 0.41
Car 0.0 0 -2.57 510.03 175.72 579.97 201.79 1.49 1.57 3.74 -3.91 1.66 42.84 -2.66 0.32
Car 0.0 0 -2.76 464.82 175.31 555.09 211.67 1.56 1.59 3.78 -4.65 1.71 33.26 -2.90 0.37
