Car 0.0 0 -1.83 716.10 189.86 904.79 312.73 1.46 1.62 3.88 2.73 1.75 10.90 -1.58 8.21
Car 0.0 0 -2.85 286.64 181.04 464.10 245.62 1.54 1.67 4.06 -6.19 1.81 19.19 3.13 4.75
Car 0.0 0 -1.69 663.46 176.97 737.80 240.17 1.54 1.59 3.87 2.37 1.69 20.02 -1.57 5.77
Car 0.0 0 -1.68 651.97 181.26 706.02 224.48 1.47 1.57 3.74 2.47 1.80 26.94 -1.59 2.85
Car 0.0 0 -2.95 122.17 164.79 409.17 276.11 1.81 1.74 4.45 -6.17 1.72 13.13 2.89 3.33
Car 0.0 0 0.66 -37.22 183.77 286.39 324.32 1.49 1.61 4.17 -6.53 1.67 8.93 0.03 3.56
Car 0.0 0 -1.63 641.14 176.62 682.20 212.93 1.55 1.61 3.88 2.33 1.78 33.91 -1.56 1.48
Car 0.0 0 -2.96 466.57 174.74 546.11 205.67 1.58 1.63 4.01 -5.72 1.74 39.57 -3.10 0.73
Car 0.0 0 -2.79 337.93 183.82 477.22 234.60 1.44 1.62 3.96 -6.21 1.81 22.21 -3.06 1.06
Car 0.0 0 3.02 428.13 182.73 506.48 218.45 1.48 1.57 3.54 -6.27 1.94 31.67 2.82 0.69
Car 0.0 0 -2.99 438.08 177.23 527.57 216.53 1.64 1.59 3.69 -5.72 1.89 32.31 3.12 0.48
