Car 0.0 0 -1.75 711.82 185.90 835.74 281.30 1.48 1.57 3.47 2.84 1.75 13.34 -1.53 7.53
Car 0.0 0 -2.66 233.22 178.65 450.21 251.90 1.41 1.60 3.87 -5.60 1.57 15.24 -3.00 3.57
Car 0.0 0 -2.70 452.65 177.63 536.80 210.51 1.49 1.60 3.70 -5.61 1.75 34.96 -2.86 1.67
Car 0.0 0 -1.63 636.81 179.79 665.86 205.08 1.53 1.60 3.77 2.55 1.97 45.34 -1.57 0.90
Car 0.0 0 -2.85 397.56 177.46 497.90 223.56 1.62 1.57 3.45 -6.05 1.82 26.86 -3.07 1.41
Car 0.0 0 -2.90 381.65 176.75 496.05 224.68 1.60 1.60 3.69 -5.97 1.76 25.28 -3.13 0.90
Car 0.0 0 -2.32 742.17 176.64 936.76 246.07 1.50 1.66 4.27 5.56 1.65 17.91 -2.02 0.96
Car 0.0 0 -2.65 306.07 180.71 468.87 239.82 1.42 1.59 3.72 -5.77 1.65 18.72 -2.94 0.88
Car 0.0 0 0.04 695.35 178.48 790.96 216.74 1.46 1.54 3.64 5.48 1.74 29.92 0.22 0.45
Car 0.0 0 0.51 174.63 180.93 423.70 264.14 1.43 1.57 3.91 -5.75 1.60 13.44 0.11 0.80
Car 0.0 0 -3.00 415.55 175.67 511.63 219.03 1.67 1.62 3.88 -6.07 1.83 29.71 3.08 0.48
Car 0.0 0 0.52 -41.77 189.81 299.14 323.76 1.52 1.57 3.96 -6.24 1.77 9.22 -0.07 0.91
Car 0.0 0 -0.02 691.76 174.99 764.49 205.47 1.57 1.58 3.76 6.53 1.75 40.10 0.14 0.29
Car 0.0 0 0.52 89.60 175.37 403.35 297.27 1.50 1.61 4.09 -5.20 1.60 10.31 0.06 0.86
