Car 0.0 0 -1.71 684.59 181.16 760.84 242.44 1.49 1.60 3.80 2.99 1.75 20.11 -1.56 5.75
Car 0.0 0 -0.32 730.03 173.80 854.12 223.08 1.56 1.62 3.88 6.09 1.63 24.52 -0.08 2.78
Car 0.0 0 -2.79 321.90 177.85 489.52 235.22 1.41 1.63 3.98 -5.51 1.59 19.62 -3.06 2.92
Car 0.0 0 0.50 197.40 182.41 430.65 262.74 1.44 1.60 3.90 -5.81 1.67 14.33 0.12 3.07
Car 0.0 0 -2.71 264.91 177.05 467.08 251.26 1.54 1.62 3.89 -5.44 1.67 16.24 -3.03 2.64
Car 0.0 0 -2.89 433.75 174.17 516.68 213.00 1.71 1.61 3.71 -6.24 1.80 33.28 -3.08 1.01
Car 0.0 0 -2.71 89.09 189.68 325.29 278.85 1.48 1.63 3.88 -7.60 1.85 13.65 3.07 1.51
Car 0.0 0 -2.03 809.23 172.66 1202.80 375.93 1.50 1.56 3.67 2.89 1.55 6.08 -1.58 2.26
Car 0.0 0 -2.01 825.28 163.83 1254.27 363.97 1.49 1.58 3.84 2.97 1.48 5.83 -1.53 2.14
Car 0.0 0 -1.59 634.34 177.17 659.06 199.67 1.55 1.64 3.99 2.54 1.85 50.79 -1.54 0.28
Car 0.0 0 -2.90 473.69 175.14 546.82 204.49 1.59 1.62 3.88 -5.74 1.75 41.13 -3.04 0.27
