Car 0.0 0 -1.85 770.90 179.80 939.50 285.29 1.46 1.60 3.72 3.94 1.62 12.32 -1.53 8.01
Car 0.0 0 -1.76 734.82 179.33 830.92 247.97 1.49 1.63 4.06 4.21 1.69 18.40 -1.54 6.53
Car 0.0 0 1.78 433.11 184.45 511.29 238.83 1.49 1.61 3.85 -4.24 1.89 22.58 1.60 5.53
Car 0.0 0 -1.69 713.52 178.21 775.74 228.74 1.51 1.61 3.67 4.32 1.71 23.77 -1.51 5.14
Car 0.0 0 -1.68 696.03 178.06 746.36 219.65 1.54 1.59 3.79 4.36 1.78 29.00 -1.53 3.23
Car 0.0 0 -2.05 863.16 194.26 1241.83 375.40 1.46 1.59 3.94 3.94 1.70 7.12 -1.54 5.55
Car 0.0 0 1.72 508.06 181.22 554.25 213.85 1.45 1.65 4.13 -3.87 1.90 35.70 1.62 1.78
Car 0.0 0 1.75 478.13 183.06 537.04 223.77 1.49 1.65 4.12 -4.11 1.93 29.39 1.61 1.93
Car 0.0 0 1.81 557.36 178.38 592.75 200.99 1.49 1.63 3.98 -2.36 1.87 49.20 1.77 0.84
Car 0.0 0 -1.69 687.43 174.90 732.09 213.79 1.65 1.61 3.91 4.55 1.79 33.63 -1.55 0.54
