Car 0.0 0 -1.86 679.10 186.33 778.12 253.01 1.50 1.53 3.28 2.85 1.85 18.24 -1.70 6.10
Car 0.0 0 -2.61 159.41 189.73 390.44 275.07 1.44 1.62 3.76 -6.42 1.80 13.83 -3.04 6.45
Car 0.0 0 -2.89 303.18 185.13 462.15 242.29 1.51 1.66 4.04 -6.56 1.91 21.01 3.10 4.06
Car 0.0 0 -1.72 647.56 183.24 702.56 223.58 1.43 1.61 3.95 2.43 1.86 28.20 -1.63 3.52
Car 0.0 0 -2.98 420.80 178.06 518.69 217.99 1.61 1.64 4.07 -6.00 1.87 30.79 3.11 1.86
Car 0.0 0 -2.95 230.36 188.46 416.60 255.93 1.47 1.61 3.92 -6.83 1.88 17.32 2.96 2.38
Car 0.0 0 -2.92 243.94 187.50 419.35 250.82 1.47 1.62 4.03 -6.99 1.87 18.25 3.00 2.03
Car 0.0 0 -2.74 -110.12 196.80 233.90 330.67 1.49 1.60 3.75 -6.74 1.82 8.96 2.91 2.75
Car 0.0 0 -2.79 371.91 185.72 482.91 227.26 1.43 1.60 3.85 -6.93 1.96 27.35 -3.03 0.85
Car 0.0 0 1.49 629.12 176.52 657.30 201.11 1.56 1.62 3.99 2.13 1.81 48.01 1.54 0.27
