Car 0.0 0 -1.90 758.17 186.10 1018.99 354.62 1.46 1.56 3.56 2.90 1.66 8.53 -1.57 9.19
Car 0.0 0 -2.89 344.46 166.03 491.58 224.19 1.71 1.70 4.26 -5.99 1.53 22.65 3.14 4.07
Car 0.0 0 -1.73 675.27 182.25 750.96 239.24 1.43 1.58 3.70 2.77 1.71 20.45 -1.59 5.43
Car 0.0 0 0.44 273.65 176.35 450.89 236.29 1.49 1.65 4.22 -6.60 1.62 19.40 0.11 3.74
Car 0.0 0 -1.69 649.64 175.48 699.99 215.09 1.49 1.58 3.80 2.55 1.62 29.51 -1.60 2.51
Car 0.0 0 -1.66 638.18 174.47 673.04 204.22 1.56 1.66 4.15 2.50 1.68 41.06 -1.60 0.83
Car 0.0 0 -2.90 391.17 169.04 516.74 217.57 1.70 1.69 4.18 -5.52 1.57 25.73 -3.11 1.15
Car 0.0 0 -2.65 52.64 171.48 352.79 286.91 1.47 1.61 3.95 -6.23 1.53 11.07 3.13 1.87
Car 0.0 0 -3.05 474.46 176.09 538.11 203.30 1.52 1.58 3.59 -6.11 1.74 42.28 3.09 0.36
Car 0.0 0 -2.96 441.20 176.79 524.38 208.28 1.49 1.60 3.83 -6.33 1.71 35.85 -3.13 0.40
