Car 0.0 0 -1.95 367.75 195.93 494.78 266.10 1.41 1.54 3.48 -4.30 1.96 16.62 -2.20 6.24
Car 0.0 0 1.26 860.78 171.98 977.36 238.77 1.41 1.60 3.83 7.54 1.44 18.04 1.66 5.70
Car 0.0 0 -2.06 504.30 160.14 807.43 333.18 1.77 1.69 4.38 0.31 1.66 9.39 -2.02 3.51
Car 0.0 0 -1.71 256.86 187.32 317.17 227.55 1.38 1.63 4.05 -12.60 1.97 27.92 -2.13 1.68
Car 0.0 0 -1.71 239.35 187.06 295.58 222.40 1.43 1.64 3.99 -15.37 2.10 32.17 -2.16 1.42
Car 0.0 0 -2.67 435.93 175.19 522.59 211.70 1.55 1.57 3.69 -6.20 1.73 33.99 -2.85 0.68
Car 0.0 0 2.25 702.03 174.46 844.25 231.93 1.43 1.58 3.88 4.64 1.52 20.64 2.48 0.97
Car 0.0 0 -1.60 212.19 181.37 240.88 206.63 1.63 1.66 4.00 -25.79 2.24 48.42 -2.09 0.39
Car 0.0 0 1.76 26.35 188.73 83.03 223.84 1.43 1.65 4.23 -25.53 2.20 33.22 1.10 0.41
Car 0.0 0 1.22 768.34 174.13 844.20 223.11 1.45 1.49 3.30 6.47 1.55 24.16 1.49 0.47
