Car 0.0 0 -1.87 720.60 164.37 953.38 326.70 1.79 1.64 3.87 2.68 1.68 9.55 -1.59 9.61
Car 0.0 0 -1.78 695.20 177.90 807.23 259.29 1.46 1.57 3.67 2.81 1.59 15.43 -1.59 6.86
Car 0.0 0 -1.71 674.40 175.42 748.42 233.86 1.49 1.59 3.70 2.80 1.60 20.85 -1.58 5.81
Car 0.0 0 -2.74 141.69 163.86 400.96 267.04 1.83 1.72 4.18 -6.44 1.69 13.88 3.11 4.34
Car 0.0 0 -1.67 649.05 174.02 691.78 208.24 1.47 1.54 3.46 2.70 1.55 33.35 -1.59 2.47
Car 0.0 0 -2.93 412.47 174.70 512.28 210.38 1.49 1.65 4.06 -6.52 1.60 32.05 -3.13 2.10
Car 0.0 0 -2.89 339.97 170.62 480.64 223.60 1.58 1.64 3.96 -6.23 1.53 22.68 3.13 2.34
Car 0.0 0 -2.92 283.83 166.44 458.57 238.92 1.67 1.66 3.85 -5.99 1.56 18.17 3.05 2.89
Car 0.0 0 -2.86 232.49 170.14 445.16 250.08 1.69 1.68 4.18 -6.08 1.65 16.30 3.07 2.15
Car 0.0 0 -3.02 428.72 167.66 527.40 205.07 1.69 1.69 4.45 -6.12 1.47 33.47 3.09 0.82
Car 0.0 0 -1.66 634.49 171.32 668.23 199.58 1.59 1.67 4.22 2.41 1.53 43.61 -1.60 0.72
Car 0.0 0 -2.69 83.97 179.61 346.25 274.49 1.47 1.60 3.82 -6.82 1.63 12.61 3.11 1.34
