Car 0.0 0 -1.74 700.63 185.08 807.16 266.38 1.48 1.58 3.71 2.95 1.78 15.70 -1.55 6.98
Car 0.0 0 -2.75 267.62 179.38 464.76 249.21 1.43 1.61 3.80 -5.60 1.64 16.76 -3.07 4.41
Car 0.0 0 0.44 44.60 189.41 362.34 297.81 1.45 1.63 4.28 -6.10 1.75 10.94 -0.06 3.20
Car 0.0 0 -1.63 636.90 180.88 664.27 204.55 1.53 1.61 3.79 2.67 2.07 48.34 -1.58 1.05
Car 0.0 0 -2.68 464.72 178.07 539.23 208.34 1.53 1.60 3.67 -5.85 1.84 38.89 -2.83 1.09
Car 0.0 0 -0.76 732.20 176.42 899.24 237.94 1.51 1.63 4.13 5.62 1.67 20.13 -0.49 1.81
Car 0.0 0 -2.84 416.96 176.29 509.61 219.47 1.64 1.57 3.53 -5.99 1.82 29.27 -3.04 1.38
Car 0.0 0 -2.86 396.42 174.24 505.92 220.96 1.70 1.65 3.94 -6.06 1.79 27.58 -3.07 0.92
Car 0.0 0 -2.80 363.09 182.01 490.07 227.85 1.44 1.61 3.83 -6.12 1.77 24.19 -3.05 0.92
Car 0.0 0 -2.60 185.93 172.49 428.18 276.12 1.59 1.62 3.89 -5.48 1.65 12.98 -3.00 1.12
Car 0.0 0 -2.68 325.40 181.16 481.64 237.14 1.44 1.61 3.81 -5.76 1.70 20.15 -2.96 0.80
