Car 0.0 0 -1.74 676.96 169.48 790.45 259.21 1.69 1.63 4.13 2.51 1.66 15.79 -1.58 6.82
Car 0.0 0 -2.86 346.66 173.52 489.33 229.41 1.59 1.64 3.75 -5.75 1.63 21.85 -3.12 3.68
Car 0.0 0 -2.83 188.72 183.08 415.22 263.86 1.43 1.62 3.82 -6.02 1.67 14.29 3.06 4.96
Car 0.0 0 -2.66 40.18 178.47 341.53 286.15 1.47 1.64 4.00 -6.54 1.62 11.41 3.11 4.46
Car 0.0 0 -2.93 453.57 172.33 533.63 205.97 1.70 1.67 4.02 -6.18 1.71 38.27 -3.09 1.75
Car 0.0 0 -1.69 652.97 178.67 706.99 220.43 1.45 1.58 3.86 2.59 1.71 27.80 -1.60 2.52
Car 0.0 0 -1.64 639.60 179.23 675.27 207.78 1.40 1.57 3.74 2.41 1.76 38.01 -1.57 1.66
Car 0.0 0 -2.86 305.20 172.70 467.26 237.71 1.65 1.65 3.82 -6.05 1.67 19.67 3.13 2.45
Car 0.0 0 0.36 243.34 179.20 428.32 249.74 1.56 1.64 4.05 -6.55 1.74 17.33 0.00 2.39
Car 0.0 0 -2.91 383.38 172.31 501.70 221.27 1.65 1.64 3.81 -5.91 1.65 25.54 -3.14 0.96
Car 0.0 0 -2.82 414.50 174.75 511.67 211.29 1.57 1.63 3.94 -6.59 1.67 32.34 -3.02 0.43
Car 0.0 0 -1.70 728.33 177.34 784.51 220.83 1.45 1.58 3.94 5.43 1.67 27.35 -1.50 0.51
