Car 0.0 0 -1.76 736.80 185.26 836.66 253.64 1.46 1.60 3.75 4.18 1.80 17.71 -1.52 6.07
Car 0.0 0 -1.85 780.08 193.03 952.56 300.18 1.41 1.61 3.93 4.02 1.79 12.14 -1.53 7.46
Car 0.0 0 -1.68 687.65 181.48 730.58 216.92 1.54 1.61 3.94 4.65 2.00 34.60 -1.55 2.59
Car 0.0 0 1.77 476.53 188.15 537.52 231.10 1.49 1.63 4.10 -3.94 2.10 28.05 1.63 3.64
Car 0.0 0 -1.69 703.61 183.66 752.66 223.07 1.46 1.54 3.65 4.65 1.92 29.09 -1.53 2.39
Car 0.0 0 -1.70 716.18 184.73 783.90 235.63 1.44 1.61 3.89 4.30 1.84 22.89 -1.51 3.08
Car 0.0 0 1.72 507.10 185.65 556.99 219.95 1.47 1.65 4.10 -3.69 2.12 34.41 1.62 1.44
Car 0.0 0 1.68 529.64 186.34 568.40 215.41 1.48 1.64 4.03 -3.32 2.25 39.70 1.60 1.03
Car 0.0 0 1.80 570.44 183.24 603.59 204.42 1.49 1.59 3.87 -1.61 2.21 50.88 1.77 0.34
Car 0.0 0 -2.47 903.25 180.20 971.50 207.62 1.57 1.59 3.65 20.01 2.07 44.23 -2.05 0.26
