Car 0.0 0 -1.76 693.64 168.35 812.27 266.10 1.68 1.62 3.65 2.63 1.62 14.22 -1.57 7.42
Car 0.0 0 -1.66 656.51 177.53 703.42 217.24 1.53 1.60 3.84 2.80 1.73 29.87 -1.57 2.87
Car 0.0 0 -2.86 344.61 175.22 484.28 227.01 1.49 1.62 3.81 -6.04 1.60 22.46 -3.12 2.51
Car 0.0 0 -2.85 417.24 170.85 522.62 211.02 1.62 1.65 4.09 -5.89 1.55 30.43 -3.04 1.78
Car 0.0 0 -2.86 394.55 173.43 514.10 216.03 1.46 1.61 3.98 -5.65 1.49 26.20 -3.07 1.70
Car 0.0 0 -2.83 361.00 172.35 499.88 224.82 1.57 1.65 4.04 -5.71 1.59 23.05 -3.07 1.58
Car 0.0 0 -2.69 220.77 168.77 433.46 253.07 1.61 1.63 3.86 -5.94 1.56 15.26 -3.06 1.73
Car 0.0 0 -2.66 174.97 176.20 422.45 260.57 1.47 1.63 4.05 -5.94 1.57 13.90 -3.06 1.32
Car 0.0 0 1.54 626.77 172.37 649.01 191.69 1.61 1.63 3.90 2.21 1.55 58.17 1.58 0.31
Car 0.0 0 -1.94 887.78 206.17 1333.32 490.73 1.77 1.73 4.19 3.26 1.96 5.21 -1.37 1.97
