Car 0.0 0 -1.64 666.86 178.39 721.98 225.08 1.49 1.62 3.82 2.87 1.70 25.35 -1.53 4.51
Car 0.0 0 -1.80 721.82 168.59 906.57 301.27 1.58 1.61 3.71 2.81 1.57 10.81 -1.54 7.57
Car 0.0 0 -2.83 388.15 172.53 511.75 216.68 1.54 1.66 4.12 -5.85 1.55 26.50 -3.05 2.35
Car 0.0 0 -2.80 350.06 174.98 494.68 229.28 1.49 1.61 3.79 -5.52 1.58 21.31 -3.05 2.36
Car 0.0 0 -2.84 316.32 176.52 471.66 236.26 1.52 1.61 3.76 -5.94 1.66 20.02 -3.13 2.10
Car 0.0 0 -1.60 628.09 174.23 651.08 194.92 1.56 1.64 3.97 2.19 1.64 53.91 -1.56 0.39
Car 0.0 0 -2.69 133.29 164.05 384.98 274.26 1.78 1.67 4.09 -6.35 1.69 13.20 -3.13 1.00
Car 0.0 0 -2.91 445.18 171.91 528.43 205.28 1.66 1.63 3.92 -6.27 1.62 36.59 -3.08 0.34
Car 0.0 0 -2.11 704.30 172.85 776.33 213.24 1.54 1.54 3.44 5.25 1.57 29.53 -1.93 0.46
Car 0.0 0 -2.72 -90.36 181.92 320.43 331.78 1.48 1.57 3.94 -5.62 1.64 8.16 2.97 1.03
