Car 0.0 0 -1.25 220.48 182.22 420.59 311.76 1.50 1.59 3.60 -4.07 1.50 10.60 -1.61 8.68
Car 0.0 0 -1.41 437.87 183.93 509.16 236.46 1.47 1.57 3.60 -4.17 1.46 22.49 -1.59 5.10
Car 0.0 0 -1.43 487.30 183.33 538.25 220.85 1.48 1.62 4.00 -4.11 1.43 31.39 -1.56 2.20
Car 0.0 0 1.05 -41.35 188.64 169.44 307.71 1.47 1.56 3.56 -8.39 1.56 10.79 0.40 3.51
Car 0.0 0 -1.14 185.82 170.99 344.59 261.05 1.67 1.66 3.92 -7.31 1.42 15.42 -1.58 3.56
Car 0.0 0 -1.62 595.99 181.87 632.96 216.34 1.54 1.54 3.64 0.24 1.42 34.46 -1.61 0.73
Car 0.0 0 -1.49 438.48 172.55 485.32 216.41 1.80 1.67 4.21 -6.59 1.30 32.59 -1.69 0.71
Car 0.0 0 -1.52 411.88 182.00 461.05 214.18 1.40 1.56 3.78 -8.13 1.27 34.02 -1.75 0.53
Car 0.0 0 -1.65 580.51 182.10 616.84 207.39 1.51 1.54 3.62 -0.63 1.34 44.47 -1.66 0.31
Car 0.0 0 1.51 636.89 181.59 665.60 204.61 1.54 1.66 4.15 3.06 1.31 51.09 1.57 0.31
