Car 0.0 0 0.47 261.53 179.26 469.14 250.09 1.46 1.63 4.12 -5.55 1.65 16.56 0.15 4.63
Car 0.0 0 -0.35 830.83 192.68 1036.47 267.70 1.49 1.64 3.93 7.06 1.98 16.07 0.07 5.12
Car 0.0 0 -0.18 715.09 183.09 826.59 227.80 1.52 1.60 3.63 5.71 1.90 26.03 0.04 3.44
Car 0.0 0 -2.88 309.08 174.57 480.40 239.26 1.60 1.66 4.07 -5.76 1.68 19.41 3.12 3.49
Car 0.0 0 -0.29 798.02 184.94 958.18 252.21 1.55 1.59 3.64 6.62 1.89 18.13 0.07 3.39
Car 0.0 0 -1.64 638.81 182.75 672.45 210.15 1.44 1.55 3.60 2.44 1.99 39.68 -1.58 1.57
Car 0.0 0 0.48 131.58 178.75 394.91 277.13 1.47 1.59 3.88 -5.94 1.64 12.46 0.04 2.59
Car 0.0 0 -2.95 435.35 179.05 528.49 214.22 1.51 1.62 3.87 -5.75 1.81 32.50 -3.12 1.27
Car 0.0 0 2.47 973.01 189.52 1292.47 352.35 1.52 1.62 4.10 6.12 1.75 7.54 -3.13 2.91
Car 0.0 0 -2.68 -52.76 184.16 276.07 305.52 1.46 1.63 4.01 -6.87 1.66 10.00 3.00 2.38
Car 0.0 0 -2.91 357.51 176.34 494.12 225.99 1.49 1.61 3.89 -5.89 1.64 23.25 3.13 0.54
