Car 0.0 0 -1.75 663.38 184.94 734.17 234.82 1.45 1.59 3.32 2.76 1.86 23.35 -1.63 5.40
Car 0.0 0 -2.85 261.37 188.55 440.80 249.26 1.45 1.65 4.13 -6.71 1.90 18.91 3.09 4.58
Car 0.0 0 -2.53 917.21 183.05 1224.20 297.62 1.45 1.63 4.17 6.78 1.63 10.92 -1.97 6.04
Car 0.0 0 -2.68 151.18 194.37 369.21 272.71 1.49 1.61 3.65 -7.18 1.97 14.95 -3.12 4.08
Car 0.0 0 -1.70 639.73 181.34 685.20 216.70 1.46 1.58 3.83 2.25 1.87 32.54 -1.63 2.27
Car 0.0 0 3.01 439.90 180.18 531.83 214.67 1.59 1.66 4.21 -5.99 1.97 34.61 2.84 1.51
Car 0.0 0 -2.80 321.34 189.55 454.81 239.20 1.41 1.59 3.76 -6.97 1.97 22.76 -3.09 1.90
Car 0.0 0 -2.83 356.12 187.25 481.92 231.54 1.41 1.60 3.88 -6.59 1.94 24.96 -3.09 1.46
Car 0.0 0 -2.70 52.27 189.06 332.79 289.76 1.48 1.62 4.05 -6.96 1.81 12.14 3.07 1.04
Car 0.0 0 -2.70 399.73 185.55 495.16 224.21 1.47 1.57 3.57 -6.75 2.03 29.86 -2.92 0.51
