Car 0.0 0 -1.72 691.94 181.97 781.37 252.15 1.47 1.58 3.76 2.96 1.73 17.79 -1.55 6.25
Car 0.0 0 -2.83 306.87 176.00 481.43 237.94 1.46 1.63 4.06 -5.60 1.59 18.86 -3.12 3.20
Car 0.0 0 0.51 133.92 180.54 406.42 274.01 1.43 1.60 4.02 -5.75 1.60 12.36 0.08 3.16
Car 0.0 0 -2.68 288.59 178.21 469.17 242.51 1.40 1.59 3.66 -5.52 1.56 17.32 -2.98 2.93
Car 0.0 0 -2.52 18.83 190.77 268.19 301.03 1.46 1.60 3.68 -7.35 1.78 11.24 -3.09 3.79
Car 0.0 0 0.47 228.85 175.83 448.67 261.08 1.49 1.59 3.71 -5.31 1.60 14.22 0.11 2.06
Car 0.0 0 -0.35 738.76 174.75 884.54 228.86 1.51 1.62 3.99 5.96 1.60 21.74 -0.08 1.33
Car 0.0 0 -2.94 385.98 174.60 506.38 220.07 1.62 1.67 4.18 -6.11 1.71 27.03 3.12 0.90
Car 0.0 0 -2.92 435.39 174.54 515.33 213.21 1.69 1.59 3.60 -6.26 1.80 33.29 -3.10 0.78
Car 0.0 0 -1.59 636.75 176.33 662.91 200.64 1.56 1.62 3.84 2.61 1.81 48.29 -1.54 0.54
Car 0.0 0 -2.87 469.95 174.90 542.89 205.10 1.63 1.62 3.83 -5.82 1.76 40.31 -3.02 0.49
Car 0.0 0 -2.68 361.68 177.49 493.24 226.04 1.45 1.60 3.81 -5.89 1.62 23.24 -2.93 0.49
