Car 0.0 0 -1.89 746.39 173.63 985.71 344.45 1.62 1.59 3.56 2.83 1.68 8.88 -1.58 9.16
Car 0.0 0 -1.71 670.82 180.97 736.95 232.36 1.47 1.62 3.78 2.87 1.75 23.13 -1.58 5.33
Car 0.0 0 -2.82 281.90 181.65 458.37 247.48 1.46 1.60 3.73 -5.86 1.72 17.78 -3.13 3.11
Car 0.0 0 -2.79 376.48 177.29 508.55 224.92 1.49 1.63 3.93 -5.61 1.67 24.31 -3.01 2.13
Car 0.0 0 -2.64 307.96 177.00 481.68 242.84 1.55 1.62 3.73 -5.47 1.69 18.43 -2.93 2.34
Car 0.0 0 -0.56 709.30 175.68 800.46 217.84 1.58 1.59 3.54 5.79 1.73 29.01 -0.36 0.74
Car 0.0 0 1.56 630.45 176.90 654.71 199.89 1.57 1.65 4.05 2.25 1.86 50.65 1.61 0.39
Car 0.0 0 -2.64 34.25 169.08 346.31 294.67 1.62 1.66 4.12 -6.17 1.64 10.77 3.13 1.17
Car 0.0 0 -2.94 425.45 173.30 523.54 212.39 1.72 1.67 4.20 -6.23 1.77 33.12 -3.13 0.38
Car 0.0 0 -2.72 -75.16 186.12 314.86 309.30 1.44 1.59 4.21 -6.52 1.67 9.64 2.97 0.78
