Car 0.0 0 -1.72 666.52 182.88 737.94 237.75 1.42 1.60 3.39 2.53 1.73 20.91 -1.59 5.31
Car 0.0 0 0.39 159.93 179.03 419.50 267.25 1.51 1.68 4.42 -6.08 1.68 13.88 -0.02 4.72
Car 0.0 0 -2.98 429.87 175.90 526.12 211.43 1.54 1.66 4.12 -6.01 1.70 32.81 3.12 1.47
Car 0.0 0 -2.63 397.36 178.24 514.28 222.65 1.47 1.61 3.63 -5.64 1.72 26.32 -2.84 1.86
Car 0.0 0 -1.67 652.14 179.33 698.90 214.93 1.45 1.62 4.01 2.77 1.74 31.57 -1.58 1.56
Car 0.0 0 1.62 552.70 175.48 581.73 202.08 1.47 1.55 3.66 -2.57 1.66 43.52 1.56 1.09
Car 0.0 0 -1.63 637.11 174.00 664.23 197.29 1.51 1.57 3.76 2.67 1.61 48.54 -1.58 0.40
Car 0.0 0 -2.74 332.51 177.21 474.73 232.88 1.46 1.59 3.61 -5.93 1.63 20.71 -3.02 0.78
Car 0.0 0 -2.49 484.77 175.39 543.76 198.33 1.51 1.59 3.71 -6.33 1.67 47.61 -2.62 0.29
Car 0.0 0 -2.63 275.37 172.42 465.23 239.87 1.50 1.61 3.92 -5.74 1.53 17.42 -2.95 0.68
