Car 0.0 0 -1.79 716.85 178.91 841.01 265.35 1.55 1.65 4.09 3.37 1.71 15.34 -1.57 7.70
Car 0.0 0 1.94 234.23 194.62 404.12 283.98 1.43 1.66 4.21 -5.59 1.91 14.36 1.57 7.40
Car 0.0 0 -1.90 766.70 183.29 1019.70 328.49 1.43 1.62 3.99 3.40 1.61 9.56 -1.56 8.76
Car 0.0 0 1.87 360.35 190.67 454.34 246.96 1.45 1.60 3.95 -5.85 1.99 21.21 1.61 5.57
Car 0.0 0 1.87 443.90 187.20 505.64 223.72 1.42 1.59 3.88 -5.78 2.06 31.02 1.69 3.28
Car 0.0 0 2.53 996.49 144.10 1232.30 271.55 1.83 1.78 4.78 9.06 1.38 11.99 -3.10 3.61
Car 0.0 0 1.42 681.15 180.19 740.41 227.43 1.52 1.58 3.76 3.39 1.79 25.19 1.56 3.29
Car 0.0 0 1.78 503.27 182.05 539.33 206.68 1.50 1.58 3.70 -5.76 2.13 47.02 1.66 1.54
Car 0.0 0 -1.69 650.17 179.43 688.95 208.95 1.45 1.59 3.86 3.08 1.84 38.66 -1.61 1.73
Car 0.0 0 1.44 666.00 183.02 712.79 219.69 1.45 1.57 3.77 3.29 1.91 31.02 1.55 1.69
