Car 0.0 0 -1.67 633.37 177.02 677.24 212.25 1.45 1.57 3.74 1.93 1.65 32.22 -1.61 3.69
Car 0.0 0 2.70 779.98 177.18 994.19 260.57 1.58 1.64 3.89 5.66 1.71 15.09 3.06 4.87
Car 0.0 0 -2.77 84.53 157.98 384.10 274.07 1.82 1.74 4.33 -6.32 1.60 12.31 3.04 3.42
Car 0.0 0 -0.19 883.10 188.02 1190.47 299.22 1.47 1.61 3.94 6.14 1.73 10.73 0.33 3.00
Car 0.0 0 -0.36 882.77 185.40 1218.99 294.44 1.46 1.62 4.22 6.36 1.69 10.81 0.18 2.25
Car 0.0 0 -0.13 852.89 184.69 1077.31 268.68 1.52 1.63 3.85 6.91 1.79 14.34 0.32 2.03
Car 0.0 0 -2.64 -35.72 179.67 279.64 312.89 1.48 1.61 3.85 -6.30 1.58 9.03 3.04 3.08
Car 0.0 0 -2.84 193.13 168.16 419.63 252.43 1.66 1.68 4.22 -6.24 1.57 14.98 3.05 1.58
Car 0.0 0 -2.98 453.71 175.47 527.64 204.70 1.55 1.61 3.87 -6.74 1.74 40.56 3.14 0.56
Car 0.0 0 0.63 377.81 176.49 502.95 220.20 1.46 1.58 3.95 -6.28 1.64 26.53 0.40 0.66
Car 0.0 0 -0.15 738.55 170.90 872.74 225.42 1.53 1.62 3.91 6.10 1.54 22.71 0.11 0.72
Car 0.0 0 -1.63 619.11 174.57 645.55 197.94 1.53 1.62 3.93 1.46 1.67 49.14 -1.60 0.39
Car 0.0 0 -2.98 499.58 173.27 543.21 196.92 1.61 1.61 3.77 -6.15 1.64 49.72 -3.10 0.27
