Car 0.0 0 -1.81 711.74 192.96 846.63 284.67 1.40 1.58 3.68 2.92 1.81 13.41 -1.59 7.42
Car 0.0 0 -1.88 761.90 202.13 1048.30 371.88 1.46 1.56 3.73 2.99 1.84 8.43 -1.54 8.31
Car 0.0 0 0.47 341.74 186.33 488.11 233.85 1.41 1.63 4.07 -6.18 1.86 23.02 0.21 3.50
Car 0.0 0 -1.70 665.25 188.09 722.31 234.65 1.42 1.59 3.47 2.71 1.97 24.41 -1.58 4.14
Car 0.0 0 -2.79 222.97 180.82 432.86 264.64 1.51 1.63 3.72 -5.75 1.73 14.76 3.12 4.44
Car 0.0 0 -1.67 643.07 184.83 684.00 218.55 1.46 1.56 3.68 2.44 2.05 34.07 -1.59 2.38
Car 0.0 0 -2.89 393.74 180.44 513.00 225.12 1.59 1.66 4.18 -5.79 1.89 26.90 -3.10 2.22
Car 0.0 0 -2.89 432.05 182.00 530.83 219.89 1.58 1.65 3.90 -5.50 1.98 30.97 -3.06 1.73
Car 0.0 0 1.01 156.86 172.55 307.87 225.98 1.42 1.63 4.47 -11.47 1.44 21.50 0.52 0.51
Car 0.0 0 -2.62 85.39 171.87 355.07 265.89 1.52 1.59 4.01 -7.06 1.56 13.19 -3.11 0.72
Car 0.0 0 0.48 -55.47 169.75 348.24 321.34 1.54 1.60 4.07 -5.42 1.56 8.47 -0.08 0.99
Car 0.0 0 -2.69 -99.09 164.75 329.96 325.80 1.57 1.65 4.08 -5.44 1.53 8.03 3.00 1.05
Car 0.0 0 -2.95 485.45 186.76 535.46 209.87 1.48 1.53 3.53 -6.23 2.32 44.92 -3.08 0.24
