Car 0.0 0 0.31 341.93 178.69 480.25 226.95 1.53 1.65 4.17 -6.59 1.74 24.09 0.04 3.36
Car 0.0 0 -0.33 771.13 180.07 974.06 256.52 1.50 1.65 3.85 5.62 1.70 15.85 0.01 4.93
Car 0.0 0 -2.70 200.91 185.17 399.17 258.64 1.43 1.60 3.64 -6.61 1.73 15.49 -3.10 5.12
Car 0.0 0 -1.68 638.74 179.81 685.86 218.47 1.45 1.59 3.51 2.01 1.76 29.37 -1.61 3.06
Car 0.0 0 -3.02 439.17 178.06 526.40 210.05 1.47 1.63 3.95 -6.24 1.76 35.25 3.09 1.96
Car 0.0 0 -2.60 -5.81 176.72 326.06 306.66 1.54 1.68 4.21 -6.24 1.65 10.03 3.13 2.25
Car 0.0 0 -2.77 141.70 178.85 369.59 274.95 1.54 1.61 3.65 -6.42 1.72 13.19 3.06 1.24
Car 0.0 0 1.58 550.62 174.69 577.16 197.59 1.53 1.62 3.93 -3.23 1.68 50.08 1.52 0.30
Car 0.0 0 1.12 267.53 175.39 335.57 211.03 1.53 1.48 3.61 -15.05 1.72 35.00 0.71 0.19
Car 0.0 0 0.37 385.95 176.02 508.32 218.51 1.50 1.64 4.27 -5.99 1.63 26.44 0.15 0.43
