Car 0.0 0 -1.42 454.04 180.49 536.95 245.65 1.47 1.58 3.54 -2.88 1.68 18.44 -1.58 6.24
Car 0.0 0 -1.74 681.09 178.18 783.74 252.62 1.48 1.59 3.64 2.69 1.65 16.78 -1.58 6.38
Car 0.0 0 -1.63 636.67 171.77 670.68 200.05 1.50 1.64 4.01 2.41 1.47 40.71 -1.57 2.57
Car 0.0 0 1.64 516.85 175.84 563.49 215.34 1.51 1.61 3.85 -2.90 1.66 30.16 1.55 3.03
Car 0.0 0 -2.00 778.67 186.27 1185.60 379.72 1.52 1.62 3.95 2.89 1.72 6.74 -1.59 6.39
Car 0.0 0 -1.82 715.10 185.59 889.29 303.33 1.43 1.57 3.51 2.67 1.66 10.92 -1.57 6.06
Car 0.0 0 2.07 7.57 193.47 397.55 379.24 1.52 1.61 4.03 -3.53 1.78 6.96 1.61 5.50
Car 0.0 0 -1.68 662.54 161.85 742.78 235.30 1.84 1.70 4.21 2.49 1.60 20.33 -1.55 2.60
Car 0.0 0 1.63 560.20 171.61 583.54 192.05 1.59 1.66 4.03 -3.04 1.50 57.38 1.58 0.35
Car 0.0 0 -2.66 -101.77 201.54 170.77 290.88 1.44 1.62 4.28 -10.67 2.05 13.44 2.95 1.11
