Car 0.0 0 -1.76 718.54 183.59 855.83 287.82 1.50 1.58 3.58 2.87 1.72 12.56 -1.53 7.76
Car 0.0 0 -2.65 187.09 176.61 439.19 260.95 1.43 1.60 3.87 -5.52 1.54 13.61 -3.03 2.88
Car 0.0 0 0.60 -67.43 188.76 286.17 341.75 1.56 1.63 4.07 -6.08 1.77 7.90 -0.05 2.62
Car 0.0 0 -1.62 636.64 177.14 666.35 202.79 1.50 1.61 3.89 2.52 1.80 44.73 -1.57 1.02
Car 0.0 0 0.35 381.55 172.53 499.02 223.36 1.70 1.64 3.87 -5.94 1.72 25.17 0.12 1.54
Car 0.0 0 -0.12 698.56 174.02 780.01 212.16 1.61 1.57 3.57 5.76 1.70 32.49 0.05 0.89
Car 0.0 0 -2.40 746.51 174.10 955.59 250.13 1.50 1.68 4.47 5.44 1.59 16.66 -2.08 1.71
Car 0.0 0 -2.61 267.50 181.37 460.41 246.02 1.41 1.61 3.93 -5.92 1.65 17.40 -2.94 1.29
Car 0.0 0 -2.95 463.70 176.24 541.30 204.39 1.47 1.59 3.89 -6.08 1.71 40.64 -3.09 0.44
Car 0.0 0 0.54 29.05 175.19 389.06 307.68 1.47 1.59 4.13 -5.21 1.56 9.32 0.03 1.09
Car 0.0 0 -2.80 328.99 180.23 467.62 231.56 1.43 1.59 3.70 -6.33 1.67 21.74 -3.08 0.68
Car 0.0 0 -3.03 411.40 176.40 507.29 218.04 1.64 1.63 3.96 -6.29 1.83 30.00 3.05 0.44
