Car 0.0 0 -1.77 688.88 188.62 777.23 250.01 1.38 1.57 3.52 2.98 1.80 18.43 -1.60 5.39
Car 0.0 0 -2.73 251.31 177.40 458.70 259.23 1.60 1.65 3.80 -5.40 1.72 15.40 -3.06 4.12
Car 0.0 0 -2.59 5.30 186.77 297.94 320.58 1.50 1.65 4.15 -6.65 1.73 9.39 3.08 4.24
Car 0.0 0 -2.65 -47.33 187.97 281.68 317.40 1.45 1.59 3.97 -6.88 1.70 9.36 3.01 3.93
Car 0.0 0 -2.63 -28.04 187.04 290.41 319.15 1.49 1.63 4.12 -6.75 1.72 9.38 3.03 4.27
Car 0.0 0 -2.82 744.44 188.32 846.60 228.67 1.46 1.57 3.52 7.03 2.05 27.24 -2.56 1.89
Car 0.0 0 0.59 305.82 179.10 471.29 247.97 1.53 1.59 3.66 -5.55 1.74 18.00 0.29 1.86
Car 0.0 0 -2.57 408.47 179.57 519.13 224.31 1.48 1.56 3.57 -5.36 1.76 26.16 -2.77 1.26
Car 0.0 0 -2.52 436.48 182.29 522.08 214.47 1.39 1.52 3.58 -5.90 1.82 32.32 -2.70 0.85
Car 0.0 0 -2.68 97.47 185.93 374.48 292.68 1.49 1.62 3.84 -5.99 1.76 11.65 3.13 2.06
Car 0.0 0 -2.59 138.37 182.26 382.18 284.32 1.45 1.57 3.70 -5.95 1.67 12.23 -3.04 0.88
