Car 0.0 0 2.70 766.00 182.69 944.41 254.62 1.56 1.62 3.76 5.79 1.83 17.36 3.02 5.54
Car 0.0 0 -1.66 634.92 181.28 675.18 215.19 1.49 1.58 3.79 2.05 1.91 34.17 -1.60 3.25
Car 0.0 0 -0.35 842.05 188.53 1103.04 280.53 1.45 1.61 3.84 6.23 1.77 12.78 0.11 4.31
Car 0.0 0 -2.82 177.04 170.32 414.19 265.76 1.78 1.71 4.02 -6.37 1.77 14.75 3.06 4.22
Car 0.0 0 -2.70 59.22 183.72 330.89 287.82 1.44 1.60 3.77 -6.56 1.67 11.54 3.07 3.27
Car 0.0 0 -0.15 816.03 188.31 1003.60 263.30 1.58 1.62 3.74 6.73 1.96 16.53 0.24 2.19
Car 0.0 0 -0.12 732.41 177.31 849.98 225.84 1.60 1.62 3.82 6.32 1.80 25.51 0.12 1.10
Car 0.0 0 2.71 914.69 183.50 1306.94 320.72 1.51 1.63 4.07 6.11 1.69 9.00 -2.97 2.10
Car 0.0 0 -1.65 620.87 178.26 649.46 202.72 1.57 1.62 3.91 1.63 1.96 48.28 -1.61 0.42
Car 0.0 0 -2.82 241.76 173.05 436.22 246.77 1.65 1.66 4.18 -6.44 1.69 17.29 3.11 0.77
Car 0.0 0 0.67 400.87 182.10 511.16 222.98 1.42 1.54 3.73 -5.89 1.80 27.31 0.46 0.39
