Car 0.0 0 -1.91 425.53 191.76 555.53 266.30 1.43 1.55 3.59 -2.83 1.86 15.94 -2.08 6.77
Car 0.0 0 1.25 945.77 168.23 1086.55 242.55 1.42 1.64 4.07 9.13 1.36 16.66 1.75 6.59
Car 0.0 0 -1.72 303.29 183.47 355.89 220.55 1.47 1.60 3.83 -12.35 1.97 31.50 -2.09 2.86
Car 0.0 0 -2.05 563.11 156.04 916.07 349.58 1.72 1.75 4.38 1.18 1.60 8.40 -1.90 4.85
Car 0.0 0 -1.71 318.77 185.17 377.79 225.91 1.41 1.61 3.91 -10.20 1.91 27.80 -2.06 2.08
Car 0.0 0 1.69 109.08 188.52 157.33 222.35 1.43 1.65 4.16 -22.32 2.19 33.79 1.11 1.02
Car 0.0 0 1.75 -65.40 203.75 67.04 303.08 1.47 1.58 3.63 -10.75 2.07 12.85 1.06 2.66
Car 0.0 0 -2.68 495.42 171.86 580.63 207.65 1.56 1.56 3.73 -3.55 1.59 35.20 -2.78 0.49
Car 0.0 0 1.73 -88.41 207.61 71.19 304.26 1.65 1.72 4.16 -19.72 3.39 23.35 1.03 0.06
Car 0.0 0 -1.64 281.23 177.49 311.08 202.73 1.62 1.65 4.03 -21.13 1.96 48.43 -2.05 0.42
Car 0.0 0 -0.97 799.64 169.59 930.22 229.83 1.40 1.54 3.61 6.73 1.35 19.03 -0.62 0.75
