Car 0.0 0 -1.90 703.01 192.08 858.73 286.24 1.41 1.57 3.60 2.88 1.79 13.22 -1.68 7.80
Car 0.0 0 -2.94 383.18 180.53 500.69 225.11 1.48 1.61 3.90 -5.95 1.77 25.63 3.12 3.39
Car 0.0 0 -1.73 656.55 183.90 728.02 236.33 1.41 1.66 4.13 2.41 1.79 22.54 -1.62 5.02
Car 0.0 0 -2.65 -73.66 196.21 272.97 337.04 1.47 1.63 4.07 -6.50 1.80 8.46 2.99 5.33
Car 0.0 0 -2.88 251.20 184.07 420.55 252.39 1.57 1.62 3.71 -6.89 1.89 18.24 3.04 3.18
Car 0.0 0 -2.75 209.38 187.51 406.97 259.38 1.42 1.60 3.79 -6.65 1.79 16.00 3.14 2.70
Car 0.0 0 -1.67 645.64 182.16 686.21 213.01 1.39 1.57 3.84 2.62 1.86 35.05 -1.59 1.20
Car 0.0 0 -2.80 307.80 187.14 444.54 241.93 1.41 1.57 3.62 -6.76 1.88 20.86 -3.11 1.90
Car 0.0 0 1.48 631.92 176.10 660.67 201.75 1.58 1.59 3.84 2.24 1.80 46.59 1.53 0.44
Car 0.0 0 -2.26 149.84 193.90 362.24 278.38 1.42 1.62 3.94 -6.79 1.83 13.65 -2.72 1.46
Car 0.0 0 -2.67 25.21 187.87 331.86 299.76 1.46 1.60 3.95 -6.34 1.73 10.75 3.08 1.36
Car 0.0 0 -2.63 166.86 194.35 378.30 264.73 1.40 1.57 3.79 -7.04 1.86 15.15 -3.07 0.85
