Car 0.0 0 1.90 327.19 192.56 471.03 279.62 1.48 1.57 3.81 -4.07 1.88 14.52 1.64 7.20
Car 0.0 0 2.77 795.00 162.77 960.68 224.36 1.74 1.74 4.44 8.05 1.47 22.09 3.13 4.62
Car 0.0 0 -1.67 650.21 179.15 700.03 219.85 1.43 1.59 3.58 2.43 1.71 28.08 -1.59 3.18
Car 0.0 0 1.75 481.49 183.16 519.29 210.03 1.46 1.62 3.93 -6.59 2.13 43.61 1.60 1.39
Car 0.0 0 -1.38 433.32 183.26 491.14 221.95 1.50 1.68 4.34 -6.29 1.99 30.99 -1.58 1.66
Car 0.0 0 2.10 -27.97 199.85 370.56 374.01 1.45 1.55 3.78 -3.68 1.75 6.49 1.59 3.31
Car 0.0 0 2.17 13.01 197.44 381.12 373.61 1.44 1.50 3.68 -3.67 1.72 6.80 1.68 2.70
Car 0.0 0 -3.03 738.22 166.27 850.39 205.29 1.60 1.65 4.27 8.03 1.37 31.71 -2.78 0.56
Car 0.0 0 2.08 986.60 149.77 1064.37 184.00 1.55 1.66 4.17 20.31 0.48 35.24 2.61 0.54
Car 0.0 0 2.90 769.92 164.05 899.90 207.29 1.67 1.70 4.55 8.69 1.35 28.29 -3.08 0.45
Car 0.0 0 -0.05 753.97 165.09 883.38 205.56 1.58 1.71 4.64 8.29 1.29 29.09 0.23 0.43
