Car 0.0 0 -0.32 724.22 179.91 860.42 232.21 1.51 1.62 3.72 5.64 1.77 22.79 -0.08 4.08
Car 0.0 0 0.52 148.49 178.61 424.12 275.32 1.47 1.63 4.08 -5.60 1.63 12.62 0.11 5.12
Car 0.0 0 -2.79 226.00 175.67 434.28 253.10 1.50 1.61 3.67 -5.87 1.59 15.32 3.13 5.28
Car 0.0 0 -1.66 636.50 179.09 674.01 209.67 1.43 1.57 3.78 2.21 1.77 36.52 -1.60 2.84
Car 0.0 0 -2.80 242.00 172.63 442.60 248.10 1.54 1.63 3.78 -5.97 1.57 16.28 3.13 4.82
Car 0.0 0 -0.34 843.92 182.58 1063.75 270.62 1.59 1.62 3.76 6.56 1.80 14.07 0.10 4.85
Car 0.0 0 -0.37 898.97 187.78 1191.41 292.51 1.47 1.63 3.98 6.81 1.77 11.68 0.16 5.37
Car 0.0 0 -2.94 408.00 174.78 517.20 214.35 1.54 1.65 4.16 -5.99 1.65 29.42 3.14 1.80
Car 0.0 0 -2.85 288.03 173.77 461.62 237.87 1.50 1.63 3.99 -6.05 1.57 18.65 3.12 1.26
Car 0.0 0 -2.97 354.73 177.36 475.77 225.00 1.55 1.62 3.94 -6.62 1.72 24.61 3.05 0.92
Car 0.0 0 -2.65 469.65 176.03 542.50 203.79 1.47 1.58 3.68 -5.72 1.66 39.59 -2.79 0.34
