Car 0.0 0 -1.73 695.57 182.90 794.68 259.26 1.49 1.58 3.70 2.94 1.75 16.63 -1.55 6.73
Car 0.0 0 -2.80 286.95 178.75 476.44 242.09 1.41 1.62 4.04 -5.61 1.60 17.92 -3.10 3.68
Car 0.0 0 0.50 109.07 186.06 384.63 284.58 1.45 1.60 3.90 -5.93 1.71 11.92 0.04 3.67
Car 0.0 0 -2.91 424.32 176.26 510.91 218.39 1.68 1.58 3.50 -6.00 1.85 30.33 -3.11 1.84
Car 0.0 0 -1.59 636.42 177.89 664.33 202.69 1.53 1.61 3.84 2.59 1.90 47.12 -1.54 0.82
Car 0.0 0 -2.74 462.97 177.23 541.63 208.12 1.55 1.61 3.76 -5.73 1.81 38.31 -2.88 0.70
Car 0.0 0 -2.64 -97.65 193.02 225.95 319.31 1.48 1.63 3.92 -7.31 1.80 9.72 3.00 2.72
Car 0.0 0 -2.68 360.80 179.67 493.72 226.33 1.42 1.60 3.93 -5.98 1.66 23.57 -2.92 1.09
Car 0.0 0 -0.50 739.10 176.83 896.95 234.98 1.50 1.63 4.00 5.84 1.65 20.56 -0.22 1.10
Car 0.0 0 -2.93 401.92 175.81 507.67 219.28 1.64 1.63 3.98 -6.17 1.80 28.79 -3.14 0.70
Car 0.0 0 -0.74 726.39 176.57 885.93 235.72 1.49 1.65 4.08 5.49 1.65 20.48 -0.47 1.00
Car 0.0 0 0.50 211.33 173.28 436.01 266.09 1.56 1.60 3.80 -5.50 1.64 13.93 0.13 0.77
