Car 0.0 0 -1.84 735.67 184.72 972.89 340.30 1.42 1.59 3.94 2.64 1.61 9.05 -1.55 8.92
Car 0.0 0 0.47 22.82 169.96 374.06 286.87 1.47 1.67 4.58 -5.95 1.49 10.56 -0.03 4.61
Car 0.0 0 -0.09 683.78 173.97 763.81 205.94 1.53 1.60 3.78 5.89 1.64 37.70 0.06 1.80
Car 0.0 0 -2.77 411.25 170.67 522.51 216.86 1.60 1.59 3.68 -5.31 1.55 26.76 -2.96 1.96
Car 0.0 0 0.38 473.97 169.72 554.08 201.28 1.65 1.64 4.02 -5.29 1.52 39.74 0.24 1.11
Car 0.0 0 -2.74 362.70 173.46 491.66 221.98 1.44 1.59 3.66 -5.90 1.50 23.29 -2.98 1.96
Car 0.0 0 -0.65 728.16 177.23 812.47 210.74 1.46 1.55 3.50 7.47 1.70 33.82 -0.43 0.62
Car 0.0 0 1.11 859.41 181.86 1041.67 269.53 1.44 1.56 3.76 6.35 1.65 13.96 1.54 1.60
Car 0.0 0 -0.61 735.68 179.16 829.99 216.35 1.44 1.56 3.67 7.07 1.72 29.81 -0.37 0.67
Car 0.0 0 1.11 807.59 181.25 1014.31 274.76 1.43 1.63 4.19 5.36 1.63 13.74 1.48 1.30
