Car 0.0 0 -1.82 738.79 185.51 941.62 326.96 1.57 1.59 3.75 2.84 1.77 9.93 -1.54 6.82
Car 0.0 0 -0.29 710.46 179.99 815.86 223.57 1.52 1.58 3.60 5.64 1.81 26.95 -0.08 2.06
Car 0.0 0 -2.91 431.25 178.78 525.92 215.07 1.50 1.61 3.85 -5.72 1.78 31.46 -3.09 1.60
Car 0.0 0 2.72 723.31 182.93 842.04 228.24 1.46 1.59 3.69 5.84 1.82 24.76 2.96 2.01
Car 0.0 0 -1.64 635.97 178.89 668.37 206.64 1.50 1.60 3.82 2.35 1.87 41.49 -1.58 1.46
Car 0.0 0 -2.84 298.97 182.44 444.93 238.24 1.45 1.60 3.72 -6.80 1.76 20.65 3.13 2.12
Car 0.0 0 0.39 342.79 172.94 481.10 231.13 1.74 1.65 3.94 -6.22 1.77 22.70 0.12 1.86
Car 0.0 0 -2.56 205.71 183.88 433.58 259.87 1.41 1.60 3.84 -5.81 1.66 14.53 -2.94 1.93
Car 0.0 0 -2.69 176.07 180.91 406.76 265.34 1.44 1.60 3.82 -6.09 1.65 13.90 -3.10 1.59
Car 0.0 0 -2.66 252.93 183.71 434.09 251.67 1.44 1.60 3.69 -6.23 1.73 16.95 -3.01 1.27
Car 0.0 0 -3.02 377.66 177.32 492.06 225.00 1.63 1.65 3.99 -6.28 1.81 25.91 3.03 0.75
Car 0.0 0 -2.66 808.10 176.68 1035.82 262.93 1.46 1.62 3.97 5.96 1.57 13.91 -2.25 1.32
Car 0.0 0 -0.88 746.01 180.90 869.26 231.16 1.44 1.57 3.70 6.27 1.73 22.89 -0.61 0.62
Car 0.0 0 0.51 458.43 178.63 538.57 208.11 1.46 1.57 3.89 -5.99 1.80 38.44 0.36 0.25
Car 0.0 0 -2.59 -52.01 182.01 290.15 356.74 1.57 1.67 4.31 -5.80 1.74 7.28 3.02 0.95
