Car 0.0 0 -1.78 696.24 183.59 807.28 261.73 1.47 1.59 3.58 3.02 1.47 16.03 -1.59 7.02
Car 0.0 0 -1.09 73.48 183.70 271.52 278.69 1.42 1.61 3.77 -7.83 1.44 13.10 -1.62 7.98
Car 0.0 0 -1.34 323.73 177.32 477.08 278.33 1.47 1.58 3.58 -3.57 1.38 12.76 -1.61 7.37
Car 0.0 0 -1.40 426.97 178.40 514.24 238.22 1.49 1.64 4.02 -3.85 1.33 20.61 -1.58 5.74
Car 0.0 0 -1.70 642.17 178.34 683.63 210.65 1.56 1.68 4.31 2.80 1.23 37.81 -1.63 2.89
Car 0.0 0 -1.42 475.87 176.85 527.02 215.03 1.51 1.64 4.04 -4.65 1.19 31.67 -1.56 2.11
Car 0.0 0 -1.58 585.75 176.80 612.48 200.94 1.58 1.64 3.90 -0.62 1.02 49.81 -1.59 0.73
Car 0.0 0 -1.10 311.01 183.39 403.53 230.99 1.39 1.55 3.60 -8.14 1.36 23.39 -1.44 0.84
Car 0.0 0 1.65 519.56 182.00 545.82 204.35 1.46 1.56 3.67 -5.00 1.24 48.01 1.54 0.33
Car 0.0 0 -1.23 310.53 181.34 379.51 225.13 1.43 1.50 3.50 -9.72 1.32 26.68 -1.57 0.44
