Car 0.0 0 -1.87 711.83 180.24 882.53 287.16 1.44 1.64 4.04 2.83 1.58 12.08 -1.63 8.05
Car 0.0 0 -1.67 669.51 171.21 725.87 218.17 1.58 1.63 3.97 3.10 1.54 26.47 -1.55 4.90
Car 0.0 0 -2.42 368.31 177.03 499.63 226.22 1.40 1.64 4.01 -5.53 1.55 22.36 -2.66 2.79
Car 0.0 0 -2.57 475.94 173.38 551.88 204.34 1.57 1.64 3.74 -5.17 1.63 38.63 -2.70 0.80
Car 0.0 0 -2.76 75.02 185.30 360.15 286.03 1.45 1.62 3.97 -6.36 1.71 11.87 3.03 1.69
Car 0.0 0 -2.55 -11.56 188.67 327.23 339.51 1.48 1.57 3.77 -5.59 1.71 8.05 3.13 1.72
Car 0.0 0 -1.62 656.37 173.50 685.33 198.07 1.46 1.60 3.91 3.69 1.51 44.49 -1.54 0.45
Car 0.0 0 -2.64 6.40 183.66 325.08 321.45 1.52 1.61 3.94 -5.78 1.74 9.44 3.10 1.24
Car 0.0 0 -2.96 439.53 177.41 524.27 207.68 1.49 1.62 3.96 -6.55 1.74 36.86 -3.14 0.29
Car 0.0 0 -2.76 115.00 181.11 371.01 274.26 1.46 1.60 3.89 -6.49 1.66 12.89 3.06 0.78
