Car 0.0 0 -1.82 711.19 185.34 855.10 285.25 1.46 1.55 3.49 2.84 1.72 12.71 -1.60 7.51
Car 0.0 0 -2.83 779.27 187.94 911.54 239.43 1.40 1.57 3.53 6.85 1.86 20.91 -2.51 2.75
Car 0.0 0 -3.06 260.28 173.54 437.80 240.38 1.54 1.63 4.20 -6.64 1.61 18.35 2.88 2.15
Car 0.0 0 -2.66 102.80 176.69 396.76 277.70 1.46 1.62 3.95 -5.86 1.58 11.91 -3.11 2.47
Car 0.0 0 2.80 695.02 178.22 809.99 217.36 1.46 1.61 4.07 5.41 1.69 27.95 2.99 1.09
Car 0.0 0 -2.51 427.87 177.36 515.21 208.73 1.44 1.57 3.67 -6.77 1.67 35.08 -2.70 0.68
Car 0.0 0 -2.56 460.68 174.85 536.17 204.06 1.46 1.56 3.50 -5.87 1.59 37.76 -2.72 0.62
Car 0.0 0 -2.55 385.81 175.98 488.70 220.11 1.46 1.54 3.49 -6.46 1.64 26.78 -2.78 0.81
Car 0.0 0 -2.51 444.28 177.82 521.55 207.10 1.45 1.57 3.59 -6.49 1.71 36.72 -2.68 0.66
Car 0.0 0 -1.10 733.72 179.37 855.36 243.25 1.45 1.61 3.59 4.60 1.65 18.27 -0.85 1.16
