Car 0.0 0 -1.86 707.21 189.22 873.91 298.99 1.45 1.62 3.77 2.74 1.76 12.00 -1.63 8.08
Car 0.0 0 -2.85 311.30 180.09 470.78 241.49 1.56 1.64 3.86 -6.05 1.79 20.00 -3.14 4.78
Car 0.0 0 -1.65 664.13 177.14 733.35 236.17 1.50 1.65 4.02 2.43 1.66 20.84 -1.53 5.68
Car 0.0 0 0.53 -38.45 185.21 312.53 302.27 1.44 1.60 4.11 -6.69 1.67 10.21 -0.05 3.67
Car 0.0 0 -1.69 651.47 180.97 705.16 223.80 1.46 1.59 3.87 2.45 1.79 27.27 -1.59 2.57
Car 0.0 0 -1.62 639.41 176.90 678.16 211.15 1.55 1.58 3.74 2.34 1.79 35.57 -1.56 1.90
Car 0.0 0 -3.00 160.42 165.66 419.19 265.98 1.74 1.71 4.34 -6.10 1.65 13.93 2.87 3.04
Car 0.0 0 -3.03 421.34 183.64 497.97 219.28 1.49 1.54 3.44 -6.71 1.99 32.05 3.05 0.93
Car 0.0 0 -2.92 356.24 182.65 482.77 229.45 1.45 1.61 3.99 -6.52 1.83 24.68 3.10 1.06
Car 0.0 0 0.34 467.20 174.63 545.42 205.11 1.58 1.62 3.96 -5.79 1.73 40.04 0.20 0.27
