Car 0.0 0 1.87 274.44 196.34 407.92 270.15 1.44 1.66 4.19 -6.11 2.02 16.84 1.52 6.77
Car 0.0 0 2.06 57.88 205.58 309.03 337.72 1.45 1.53 3.65 -5.82 1.96 10.24 1.55 7.70
Car 0.0 0 1.83 390.41 189.26 473.41 239.22 1.45 1.68 4.29 -5.88 2.04 24.20 1.60 5.39
Car 0.0 0 -1.75 697.43 174.47 790.30 241.14 1.53 1.65 3.96 3.36 1.61 18.99 -1.57 5.80
Car 0.0 0 2.58 1007.24 136.58 1264.44 237.61 1.62 1.66 4.22 9.86 0.99 13.42 -3.07 4.30
Car 0.0 0 -1.70 677.80 173.09 743.89 226.54 1.61 1.64 3.98 3.22 1.65 23.92 -1.56 4.48
Car 0.0 0 1.77 442.98 186.93 498.06 224.57 1.45 1.62 4.00 -5.98 2.09 31.18 1.58 2.73
Car 0.0 0 -1.67 659.48 177.95 705.73 211.89 1.40 1.61 4.01 3.19 1.66 32.66 -1.57 2.38
Car 0.0 0 1.81 482.54 184.66 527.69 212.60 1.41 1.55 3.68 -5.63 2.06 38.89 1.67 1.08
Car 0.0 0 2.96 833.70 159.00 983.49 211.47 1.70 1.71 4.56 9.90 1.26 24.20 -2.93 1.21
Car 0.0 0 2.57 890.21 147.31 1081.94 220.15 1.64 1.66 4.12 9.26 1.03 17.80 3.06 1.37
