Car 0.0 0 -1.71 668.56 181.35 734.91 233.00 1.51 1.62 3.70 2.95 1.41 23.56 -1.59 5.70
Car 0.0 0 -1.37 397.64 179.84 489.73 242.96 1.52 1.60 3.77 -4.43 1.40 19.73 -1.59 5.85
Car 0.0 0 -1.08 242.17 182.72 364.27 242.14 1.43 1.56 3.52 -8.38 1.39 19.97 -1.47 4.48
Car 0.0 0 -1.47 482.55 180.57 527.17 213.98 1.43 1.62 3.96 -4.76 1.24 33.46 -1.61 2.88
Car 0.0 0 -1.60 583.08 177.66 615.23 205.88 1.51 1.57 3.68 -0.54 1.12 41.61 -1.61 1.62
Car 0.0 0 -1.04 -42.21 185.49 370.08 371.37 1.50 1.63 3.86 -3.79 1.53 6.46 -1.56 3.97
Car 0.0 0 -1.66 623.12 177.36 650.45 200.40 1.58 1.67 4.07 2.06 1.04 52.15 -1.62 0.74
Car 0.0 0 -1.48 512.18 176.81 546.38 203.98 1.51 1.60 3.78 -4.69 1.06 43.24 -1.59 0.71
Car 0.0 0 -1.43 406.28 174.03 463.23 222.59 1.67 1.64 4.08 -6.94 1.31 28.87 -1.67 0.75
Car 0.0 0 -1.21 355.78 170.79 427.40 219.40 1.77 1.60 3.72 -8.52 1.26 28.45 -1.50 0.80
