Car 0.0 0 -1.72 665.62 175.78 752.76 243.79 1.55 1.63 4.03 2.44 1.65 18.95 -1.59 6.24
Car 0.0 0 -2.77 179.76 184.90 414.51 260.48 1.41 1.63 4.04 -6.24 1.67 14.61 3.11 4.45
Car 0.0 0 -2.92 274.74 182.25 456.87 246.83 1.46 1.64 4.03 -6.05 1.74 18.07 3.04 3.03
Car 0.0 0 -2.91 374.03 177.39 501.15 224.85 1.56 1.66 4.06 -5.85 1.72 24.72 -3.14 2.20
Car 0.0 0 -2.96 388.17 178.37 503.53 223.39 1.50 1.61 3.72 -5.68 1.70 25.15 3.10 2.13
Car 0.0 0 -2.90 327.11 172.93 471.19 238.35 1.79 1.68 3.68 -6.07 1.81 20.85 3.10 2.15
Car 0.0 0 -1.63 635.21 180.65 667.68 206.05 1.42 1.61 3.92 2.37 1.89 42.37 -1.57 1.26
Car 0.0 0 -2.71 462.73 177.62 534.12 207.49 1.59 1.59 3.63 -6.27 1.87 40.35 -2.86 0.91
Car 0.0 0 -1.67 648.55 180.49 695.13 217.46 1.47 1.54 3.62 2.57 1.82 31.03 -1.58 1.42
Car 0.0 0 -2.87 471.00 175.62 541.24 205.13 1.64 1.64 3.82 -6.08 1.84 42.03 -3.02 0.86
Car 0.0 0 -2.95 415.79 171.19 519.04 217.44 1.75 1.67 4.04 -5.76 1.74 28.99 3.14 1.23
