Car 0.0 0 -1.77 693.70 186.03 796.07 256.42 1.40 1.56 3.66 2.98 1.74 16.84 -1.59 6.38
Car 0.0 0 -2.61 216.28 172.61 432.67 264.89 1.71 1.68 3.85 -5.76 1.73 14.59 -2.98 5.28
Car 0.0 0 -2.81 753.51 186.91 861.51 229.78 1.46 1.58 3.52 7.05 1.97 25.64 -2.54 1.99
Car 0.0 0 -2.49 439.79 176.83 526.90 209.41 1.45 1.56 3.61 -6.06 1.66 34.19 -2.67 0.76
Car 0.0 0 -2.68 -34.94 183.20 323.04 315.12 1.49 1.63 4.09 -6.03 1.66 9.35 3.03 2.31
Car 0.0 0 -2.53 427.42 177.71 516.63 211.85 1.42 1.54 3.58 -6.15 1.65 31.87 -2.72 0.66
Car 0.0 0 -2.44 473.81 176.19 539.92 203.24 1.46 1.57 3.65 -5.85 1.66 40.48 -2.58 0.49
Car 0.0 0 0.46 273.57 174.03 453.53 247.60 1.60 1.60 3.79 -5.80 1.66 17.02 0.13 1.01
Car 0.0 0 0.39 383.26 174.21 504.71 221.55 1.62 1.62 4.03 -6.17 1.71 26.59 0.16 0.57
Car 0.0 0 -1.51 727.18 177.71 803.99 227.63 1.49 1.64 4.06 5.25 1.72 24.44 -1.29 0.67
