Car 0.0 0 -0.22 686.92 186.70 852.46 249.29 1.51 1.66 3.90 4.17 1.93 19.44 -0.01 5.16
Car 0.0 0 -0.46 828.50 196.12 1247.45 347.57 1.49 1.65 4.11 4.64 1.77 8.13 0.07 6.93
Car 0.0 0 -2.70 15.67 181.37 272.91 280.08 1.53 1.65 3.93 -8.28 1.74 12.88 3.02 2.65
Car 0.0 0 -2.72 214.04 179.57 395.50 238.99 1.45 1.64 4.13 -8.03 1.66 19.12 -3.12 1.84
Car 0.0 0 -0.58 672.50 188.91 792.25 237.84 1.47 1.59 3.65 3.97 2.02 23.73 -0.41 1.06
Car 0.0 0 0.57 -131.93 160.85 201.85 316.38 1.66 1.64 4.13 -7.42 1.56 8.85 -0.12 1.60
Car 0.0 0 -2.68 -159.71 166.89 185.86 313.57 1.96 1.78 4.24 -22.27 3.18 26.39 2.90 0.02
Car 0.0 0 -2.44 129.92 176.38 248.33 218.24 1.64 1.67 4.32 -18.16 1.87 30.99 -2.97 0.36
Car 0.0 0 2.08 78.68 172.60 187.11 222.97 1.63 1.58 3.87 -17.73 1.73 26.81 1.50 0.39
Car 0.0 0 -2.85 266.74 175.20 406.77 228.07 1.56 1.63 4.01 -8.78 1.68 23.28 3.08 0.56
Car 0.0 0 -1.72 457.79 180.03 493.46 200.99 1.49 1.56 3.66 -9.45 1.98 50.60 -1.91 0.25
