Car 0.0 0 -1.68 635.76 180.10 680.79 216.19 1.44 1.58 3.70 2.00 1.78 31.33 -1.61 3.61
Car 0.0 0 0.28 363.47 178.63 490.77 224.57 1.52 1.64 4.06 -6.26 1.72 24.84 0.04 3.28
Car 0.0 0 -0.42 754.87 180.82 929.97 246.91 1.45 1.64 3.85 5.65 1.69 17.82 -0.10 4.08
Car 0.0 0 0.65 -116.63 184.93 240.90 366.24 1.65 1.66 4.04 -6.33 1.83 7.63 -0.04 4.58
Car 0.0 0 -2.76 450.84 178.80 530.59 207.80 1.46 1.60 3.86 -6.34 1.80 38.27 -2.93 1.02
Car 0.0 0 -2.86 252.57 187.51 411.82 247.55 1.40 1.58 3.62 -7.11 1.81 18.58 3.06 1.86
Car 0.0 0 -2.93 432.77 177.40 524.01 209.16 1.48 1.64 4.08 -6.42 1.72 35.26 -3.10 0.67
Car 0.0 0 -2.79 186.13 180.61 405.00 263.05 1.49 1.62 3.77 -6.37 1.70 14.72 3.09 1.31
Car 0.0 0 -2.62 91.54 173.50 363.24 274.88 1.48 1.62 3.99 -6.65 1.59 12.68 -3.10 1.16
Car 0.0 0 -2.71 140.78 178.11 393.45 268.11 1.46 1.61 3.89 -6.27 1.61 13.33 3.13 0.92
Car 0.0 0 -2.82 397.22 175.53 512.66 218.29 1.56 1.65 4.12 -5.85 1.67 27.23 -3.03 0.46
