Car 0.0 0 -0.40 793.68 180.05 1028.30 269.09 1.49 1.65 3.96 5.64 1.67 13.85 -0.01 6.02
Car 0.0 0 -1.70 641.22 181.33 691.78 222.39 1.44 1.58 3.52 2.07 1.80 27.88 -1.62 4.16
Car 0.0 0 -2.69 159.22 186.37 372.56 269.29 1.44 1.58 3.66 -6.67 1.74 14.04 -3.13 3.40
Car 0.0 0 -3.06 431.33 180.62 518.42 212.30 1.46 1.62 3.82 -6.45 1.84 34.37 3.04 1.08
Car 0.0 0 -2.99 440.04 178.61 525.28 208.79 1.44 1.61 3.98 -6.40 1.75 36.13 3.12 0.91
Car 0.0 0 0.29 324.10 181.60 473.06 231.15 1.40 1.62 4.24 -6.36 1.69 21.79 0.01 1.29
Car 0.0 0 0.47 368.40 174.32 502.44 222.41 1.53 1.63 4.12 -5.90 1.60 24.35 0.23 0.88
Car 0.0 0 -2.72 393.55 177.08 508.09 216.71 1.52 1.65 4.09 -6.37 1.71 28.93 -2.93 0.71
Car 0.0 0 1.53 546.49 174.81 576.23 198.16 1.52 1.61 3.86 -3.32 1.69 48.93 1.46 0.28
Car 0.0 0 -2.67 56.58 174.54 330.55 297.63 1.63 1.64 3.91 -6.34 1.72 11.05 3.10 1.04
