Car 0.0 0 -2.24 764.77 175.81 899.13 232.50 1.47 1.58 3.61 6.38 1.60 21.22 -1.94 4.37
Car 0.0 0 -1.70 628.72 177.10 674.95 210.75 1.43 1.58 3.77 1.86 1.66 33.53 -1.65 2.75
Car 0.0 0 -2.85 366.99 178.42 479.59 218.75 1.50 1.66 4.08 -7.48 1.77 29.01 -3.10 2.39
Car 0.0 0 -2.65 27.16 177.82 316.71 286.44 1.45 1.61 3.84 -6.66 1.59 11.09 3.10 4.26
Car 0.0 0 -2.79 140.07 179.99 364.40 266.15 1.62 1.66 3.87 -7.29 1.80 14.84 3.04 3.94
Car 0.0 0 -1.62 613.49 175.35 646.20 203.19 1.52 1.59 3.79 1.08 1.68 41.81 -1.60 1.31
Car 0.0 0 -2.93 401.40 178.18 492.76 211.89 1.48 1.62 3.99 -7.52 1.76 33.45 3.13 1.16
Car 0.0 0 -3.07 449.50 173.68 524.19 203.00 1.61 1.65 3.98 -7.19 1.70 41.99 3.04 0.76
Car 0.0 0 -2.83 228.44 168.56 427.81 252.80 1.73 1.66 3.91 -6.58 1.70 16.91 3.09 1.00
Car 0.0 0 3.00 -14.34 167.92 295.70 271.71 1.52 1.69 4.81 -8.36 1.54 12.59 2.41 0.79
