Car 0.0 0 -1.67 632.78 177.43 678.20 213.08 1.42 1.57 3.76 1.88 1.64 31.29 -1.61 3.66
Car 0.0 0 2.67 788.02 179.23 1020.63 266.76 1.54 1.64 3.91 5.66 1.72 14.24 3.05 4.59
Car 0.0 0 -0.41 912.08 190.45 1240.38 315.11 1.47 1.63 3.94 6.16 1.76 9.85 0.16 5.91
Car 0.0 0 -2.77 80.83 167.45 365.65 279.39 1.70 1.71 4.15 -6.40 1.64 12.07 3.03 3.57
Car 0.0 0 -2.80 163.16 165.83 402.19 255.61 1.69 1.67 4.23 -6.52 1.57 14.52 3.06 1.85
Car 0.0 0 -0.20 744.32 178.26 903.27 241.94 1.59 1.63 3.97 5.67 1.77 19.56 0.08 1.12
Car 0.0 0 -0.42 863.23 185.39 1107.49 284.37 1.51 1.64 3.87 6.38 1.78 12.55 0.05 1.29
Car 0.0 0 -2.50 -26.68 183.29 240.54 325.18 1.51 1.61 3.83 -6.84 1.68 8.90 3.13 1.34
Car 0.0 0 -1.62 619.25 173.60 649.53 199.93 1.55 1.61 3.93 1.46 1.63 45.21 -1.58 0.36
Car 0.0 0 -2.99 493.59 173.31 541.80 196.24 1.58 1.60 3.68 -6.42 1.61 50.00 -3.12 0.28
Car 0.0 0 -2.68 357.54 175.95 489.72 228.34 1.46 1.57 3.76 -5.78 1.61 22.33 -2.93 0.57
Car 0.0 0 -3.04 450.31 176.11 523.70 203.99 1.50 1.59 3.89 -7.04 1.72 41.16 3.08 0.22
