Car 0.0 0 -2.20 754.62 176.24 877.50 229.63 1.48 1.59 3.65 6.32 1.63 22.62 -1.93 4.69
Car 0.0 0 -2.93 378.19 178.78 483.72 217.22 1.47 1.63 3.96 -7.33 1.74 29.54 3.12 2.75
Car 0.0 0 -1.71 626.62 177.62 670.34 209.59 1.45 1.59 3.81 1.81 1.71 35.66 -1.66 2.00
Car 0.0 0 -2.81 193.38 178.83 383.90 258.00 1.63 1.63 3.74 -7.20 1.80 16.24 3.06 3.11
Car 0.0 0 -2.76 90.97 178.11 340.90 277.04 1.47 1.61 3.73 -6.70 1.62 12.39 3.03 3.57
Car 0.0 0 -1.64 611.49 175.80 643.50 202.55 1.51 1.60 3.85 0.97 1.71 43.30 -1.61 1.04
Car 0.0 0 -2.93 401.40 178.18 493.00 211.96 1.50 1.62 4.05 -7.60 1.77 33.76 3.13 1.11
Car 0.0 0 -3.08 451.54 174.98 522.88 202.57 1.55 1.63 3.94 -7.40 1.72 43.39 3.03 0.50
Car 0.0 0 -2.96 243.96 173.52 434.82 246.73 1.63 1.66 4.04 -6.77 1.72 18.16 2.97 0.76
Car 0.0 0 3.12 44.98 169.68 338.21 269.09 1.53 1.68 4.53 -7.72 1.56 13.11 2.59 0.77
