Car 0.0 0 -1.16 258.29 184.65 428.30 282.34 1.44 1.55 3.68 -4.59 1.46 12.91 -1.50 8.06
Car 0.0 0 -1.40 419.89 182.04 494.78 234.50 1.44 1.59 3.76 -4.63 1.37 22.36 -1.60 5.51
Car 0.0 0 -1.04 132.41 175.60 265.09 233.52 1.61 1.64 4.07 -12.61 1.34 22.36 -1.55 3.62
Car 0.0 0 -1.01 243.70 183.49 371.99 242.94 1.40 1.62 3.99 -8.22 1.40 19.85 -1.40 3.71
Car 0.0 0 -1.58 573.40 176.07 611.03 210.63 1.52 1.64 3.68 -0.78 1.12 34.25 -1.60 2.61
Car 0.0 0 -1.40 449.75 177.58 505.14 219.67 1.57 1.63 3.97 -5.33 1.29 29.56 -1.58 2.04
Car 0.0 0 1.87 339.83 177.64 411.04 219.87 1.45 1.58 3.88 -9.21 1.21 28.72 1.56 0.76
Car 0.0 0 1.75 344.53 178.27 420.42 228.79 1.43 1.57 3.78 -7.33 1.25 23.60 1.46 1.09
Car 0.0 0 -1.37 490.75 162.86 547.87 209.49 1.99 1.76 4.48 -4.07 1.04 33.39 -1.49 0.71
Car 0.0 0 2.16 -41.53 177.09 198.02 298.56 1.42 1.53 3.54 -7.76 1.36 10.49 1.53 1.33
