Car 0.0 0 -2.93 251.99 173.95 426.69 239.71 1.59 1.66 4.08 -7.02 1.65 18.86 3.00 2.77
Car 0.0 0 -0.33 729.04 181.82 855.34 228.34 1.46 1.60 3.74 5.93 1.77 23.94 -0.08 2.43
Car 0.0 0 -2.88 304.69 162.47 469.08 233.46 1.92 1.71 4.14 -6.31 1.66 20.56 3.10 2.45
Car 0.0 0 -1.65 635.54 175.02 669.27 203.42 1.51 1.61 3.85 2.31 1.65 40.71 -1.60 1.63
Car 0.0 0 2.24 781.39 178.03 921.37 237.78 1.47 1.57 3.75 6.89 1.66 20.38 2.57 1.77
Car 0.0 0 -2.67 183.49 174.93 405.99 256.02 1.50 1.64 3.84 -6.37 1.58 14.73 -3.07 2.37
Car 0.0 0 -0.16 714.78 173.74 828.97 222.68 1.65 1.63 3.89 5.68 1.72 25.80 0.06 1.27
Car 0.0 0 0.44 824.06 175.08 1104.32 279.92 1.46 1.64 4.04 5.90 1.58 11.99 0.90 2.46
Car 0.0 0 -0.19 720.81 179.45 839.50 224.25 1.50 1.60 3.83 5.90 1.75 25.47 0.04 1.27
Car 0.0 0 -1.88 772.14 187.97 1064.97 356.53 1.48 1.59 3.93 2.89 1.71 8.03 -1.53 3.69
Car 0.0 0 -2.59 129.09 175.70 403.40 262.34 1.42 1.60 4.00 -6.12 1.50 13.01 -3.02 1.68
Car 0.0 0 0.59 -141.08 167.23 255.20 340.91 1.65 1.63 4.02 -6.27 1.63 7.76 -0.09 1.41
Car 0.0 0 0.55 444.00 173.74 529.65 206.28 1.44 1.55 3.72 -5.97 1.53 34.71 0.38 0.39
