Car 0.0 0 1.93 233.90 191.02 417.67 296.84 1.48 1.57 3.69 -4.66 1.81 12.30 1.57 7.73
Car 0.0 0 -1.84 760.06 181.55 918.21 282.85 1.44 1.64 3.98 3.85 1.65 12.91 -1.54 7.86
Car 0.0 0 1.85 371.23 185.60 476.28 254.96 1.54 1.58 3.75 -4.67 1.89 18.50 1.60 6.15
Car 0.0 0 -2.02 844.66 192.41 1175.12 371.31 1.44 1.56 3.57 3.77 1.66 7.47 -1.54 7.88
Car 0.0 0 -1.70 699.25 177.69 762.99 228.68 1.53 1.59 3.79 3.89 1.71 23.90 -1.53 5.07
Car 0.0 0 1.81 427.28 182.66 507.54 234.18 1.51 1.67 4.19 -4.70 1.88 24.31 1.62 4.24
Car 0.0 0 -1.76 716.60 177.64 817.81 248.03 1.51 1.63 3.98 3.73 1.66 18.01 -1.55 6.02
Car 0.0 0 1.72 517.51 178.95 556.47 208.92 1.58 1.63 3.95 -4.05 1.93 40.22 1.62 1.74
Car 0.0 0 -1.69 683.87 176.79 727.13 213.05 1.55 1.58 3.78 4.39 1.78 33.90 -1.56 1.50
Car 0.0 0 -2.19 899.36 174.70 962.39 204.37 1.68 1.61 3.73 19.04 1.83 43.03 -1.77 0.75
Car 0.0 0 1.80 526.70 177.02 569.06 204.53 1.54 1.65 4.12 -3.75 1.84 44.08 1.71 0.45
