Car 0.0 0 1.93 210.87 182.34 372.02 276.67 1.55 1.62 4.14 -6.28 1.77 14.71 1.53 7.90
Car 0.0 0 1.88 392.04 187.17 454.47 226.84 1.46 1.51 3.50 -7.56 2.07 29.32 1.63 3.23
Car 0.0 0 1.73 491.76 180.22 543.36 216.47 1.46 1.65 4.07 -4.02 1.81 31.66 1.61 3.23
Car 0.0 0 2.85 695.85 164.94 791.46 195.96 1.63 1.75 4.59 7.24 1.22 39.73 3.03 1.90
Car 0.0 0 2.14 -47.45 175.12 254.04 357.82 1.77 1.65 4.07 -6.22 1.85 8.76 1.52 4.12
Car 0.0 0 1.73 469.81 181.25 509.34 208.71 1.50 1.57 3.62 -7.04 2.02 42.18 1.57 1.07
Car 0.0 0 -1.53 629.67 174.72 655.60 197.21 1.47 1.61 3.83 2.20 1.61 49.12 -1.48 0.97
Car 0.0 0 1.68 521.23 177.11 554.00 203.19 1.50 1.56 3.66 -4.36 1.78 43.59 1.59 0.91
Car 0.0 0 -2.25 1096.58 151.10 1217.98 190.27 1.47 1.70 4.46 22.60 0.62 30.01 -1.60 0.49
Car 0.0 0 2.04 38.44 190.24 141.31 236.59 1.45 1.45 3.60 -18.11 2.10 25.11 1.42 0.28
