Car 0.0 0 -1.75 738.89 184.65 864.77 278.42 1.45 1.57 3.56 3.34 1.69 13.33 -1.50 7.86
Car 0.0 0 -2.82 250.52 181.62 443.03 248.38 1.46 1.66 4.09 -6.43 1.73 17.84 3.12 5.61
Car 0.0 0 -1.71 707.80 178.09 794.90 247.62 1.56 1.58 3.71 3.49 1.73 18.60 -1.52 4.99
Car 0.0 0 -1.69 680.07 183.31 725.21 218.81 1.44 1.57 3.71 3.97 1.91 31.72 -1.56 2.22
Car 0.0 0 -2.54 501.06 178.48 573.03 207.28 1.47 1.57 3.54 -4.01 1.80 39.22 -2.64 1.16
Car 0.0 0 0.47 11.16 180.78 380.58 307.22 1.48 1.65 4.31 -5.57 1.64 9.70 -0.05 3.14
Car 0.0 0 -0.42 394.73 182.67 516.18 227.92 1.42 1.59 3.69 -5.23 1.78 24.32 -0.63 1.60
Car 0.0 0 -2.63 438.17 179.35 542.96 222.76 1.49 1.57 3.49 -4.45 1.76 26.65 -2.79 0.83
Car 0.0 0 -2.70 469.61 176.01 557.91 211.37 1.62 1.61 3.86 -4.68 1.81 34.94 -2.83 0.38
Car 0.0 0 -2.72 356.56 181.55 490.15 230.57 1.42 1.58 3.91 -5.86 1.73 22.62 -2.97 0.50
