Car 0.0 0 1.93 207.35 200.39 379.51 287.97 1.41 1.69 4.44 -6.09 1.98 14.46 1.53 7.59
Car 0.0 0 1.82 365.70 190.27 459.60 246.84 1.47 1.67 4.20 -5.86 2.03 21.80 1.56 5.79
Car 0.0 0 -1.75 709.37 173.74 820.73 251.52 1.54 1.65 3.97 3.37 1.59 16.56 -1.54 6.67
Car 0.0 0 -1.72 684.42 174.45 760.62 232.03 1.57 1.66 3.98 3.28 1.65 21.95 -1.57 5.76
Car 0.0 0 1.87 476.80 186.39 524.34 215.22 1.45 1.58 3.76 -5.93 2.20 39.28 1.72 1.81
Car 0.0 0 -1.65 666.55 179.14 713.55 214.80 1.43 1.62 4.05 3.33 1.71 30.96 -1.54 2.20
Car 0.0 0 1.78 428.91 186.74 491.97 228.33 1.43 1.64 4.10 -5.82 2.02 28.34 1.58 1.83
Car 0.0 0 2.17 6.04 214.25 249.67 374.59 1.54 1.57 3.64 -6.07 2.05 8.37 1.55 2.29
Car 0.0 0 -1.67 652.04 179.13 689.91 208.35 1.41 1.60 3.93 3.09 1.76 37.63 -1.59 0.87
Car 0.0 0 -1.70 644.30 177.21 680.69 203.67 1.46 1.58 3.87 3.01 1.75 42.67 -1.63 0.38
