Car 0.0 0 -1.79 745.66 181.65 869.36 261.98 1.48 1.62 3.80 4.07 1.71 15.59 -1.53 6.91
Car 0.0 0 -1.89 803.16 194.66 1034.71 329.41 1.43 1.62 4.01 3.96 1.77 10.06 -1.51 8.35
Car 0.0 0 -1.69 706.10 180.99 760.20 225.22 1.53 1.58 3.56 4.48 1.85 26.87 -1.52 4.41
Car 0.0 0 1.76 461.44 184.53 529.23 231.89 1.46 1.62 3.87 -3.93 1.89 25.06 1.61 3.84
Car 0.0 0 -1.73 721.31 183.03 797.45 239.20 1.44 1.63 3.98 4.26 1.78 21.33 -1.53 4.73
Car 0.0 0 -1.71 689.40 179.80 735.76 217.74 1.51 1.59 3.67 4.43 1.87 31.95 -1.57 2.93
Car 0.0 0 1.75 499.05 184.46 549.74 220.88 1.49 1.62 4.00 -3.82 2.05 32.61 1.63 1.94
Car 0.0 0 1.67 523.84 183.17 563.38 213.47 1.51 1.63 3.98 -3.60 2.11 39.37 1.58 1.41
Car 0.0 0 -2.15 920.72 178.99 979.89 205.92 1.65 1.63 3.81 21.86 2.07 46.65 -1.72 0.50
Car 0.0 0 1.81 566.11 180.43 598.88 201.25 1.53 1.61 3.84 -1.99 2.06 52.99 1.77 0.34
