Car 0.0 0 -1.68 631.84 179.60 680.21 216.85 1.43 1.60 3.92 1.82 1.73 30.08 -1.62 4.06
Car 0.0 0 2.64 811.91 186.85 1076.73 282.14 1.54 1.65 4.01 5.90 1.84 13.14 3.06 5.32
Car 0.0 0 -2.63 0.67 159.80 337.94 300.47 1.77 1.73 4.43 -6.16 1.61 10.07 3.10 2.85
Car 0.0 0 -0.34 764.09 181.48 936.97 247.77 1.55 1.61 3.92 6.24 1.85 19.11 -0.02 1.49
Car 0.0 0 -0.44 921.21 193.03 1221.19 309.24 1.50 1.63 3.91 6.60 1.85 10.64 0.12 2.78
Car 0.0 0 -2.68 73.10 160.96 373.14 261.63 1.64 1.69 4.40 -6.86 1.47 12.94 3.12 1.51
Car 0.0 0 -1.63 617.31 176.47 646.96 201.84 1.51 1.59 3.84 1.33 1.76 45.52 -1.60 0.64
Car 0.0 0 2.58 757.20 180.55 917.34 240.64 1.53 1.60 3.91 6.46 1.81 20.75 2.88 0.81
Car 0.0 0 -0.56 953.43 189.05 1315.47 357.58 1.56 1.61 3.84 5.60 1.72 7.24 0.11 1.37
Car 0.0 0 -3.08 486.79 174.55 534.03 197.14 1.54 1.59 3.62 -6.86 1.67 49.59 3.07 0.27
