Car 0.0 0 -1.67 634.63 181.47 676.80 215.26 1.44 1.56 3.72 2.02 1.86 33.26 -1.61 3.20
Car 0.0 0 -0.31 742.15 181.53 903.60 241.03 1.45 1.62 3.83 5.64 1.73 19.50 -0.02 4.16
Car 0.0 0 0.62 -44.78 183.60 337.69 327.89 1.51 1.61 4.10 -5.85 1.68 8.92 0.05 4.96
Car 0.0 0 -2.66 462.12 179.32 534.11 207.73 1.47 1.57 3.55 -6.09 1.84 39.10 -2.82 1.51
Car 0.0 0 -2.94 382.23 180.74 502.03 222.26 1.43 1.62 4.01 -6.02 1.72 26.00 3.11 1.91
Car 0.0 0 -2.88 298.02 185.13 437.29 241.93 1.45 1.58 3.50 -6.83 1.83 20.43 3.08 2.64
Car 0.0 0 -3.00 153.61 174.79 397.50 263.93 1.47 1.62 4.02 -6.41 1.59 13.96 2.86 2.15
Car 0.0 0 -2.83 229.64 178.32 431.83 251.47 1.54 1.65 4.07 -6.34 1.70 16.53 3.09 1.37
Car 0.0 0 -2.82 410.72 176.06 515.92 217.53 1.61 1.64 4.01 -5.90 1.75 29.00 -3.02 0.50
Car 0.0 0 2.68 923.01 185.55 1287.20 310.31 1.46 1.62 4.17 6.41 1.69 9.66 -3.01 1.25
Car 0.0 0 -0.50 914.82 185.82 1247.98 312.44 1.46 1.59 4.01 6.04 1.67 9.49 0.07 0.98
Car 0.0 0 1.51 551.34 175.76 578.71 197.28 1.57 1.63 3.94 -3.32 1.80 53.20 1.45 0.21
