Car 0.0 0 -0.70 783.53 177.76 958.08 244.84 1.44 1.62 3.89 6.24 1.59 17.35 -0.35 4.69
Car 0.0 0 2.76 735.38 176.47 871.12 228.26 1.58 1.63 3.95 6.19 1.72 23.49 3.02 3.14
Car 0.0 0 -1.62 636.44 172.25 670.52 202.50 1.51 1.62 3.95 2.27 1.51 38.75 -1.56 2.19
Car 0.0 0 -2.85 285.89 161.69 463.13 234.15 1.87 1.72 4.15 -6.39 1.60 19.75 3.12 2.91
Car 0.0 0 -2.82 217.12 174.32 406.23 245.87 1.53 1.63 3.85 -6.94 1.59 16.92 3.07 3.22
Car 0.0 0 -2.67 154.09 171.28 395.65 259.86 1.54 1.65 3.89 -6.45 1.56 14.04 -3.10 3.63
Car 0.0 0 -0.19 718.84 172.82 832.32 223.32 1.68 1.62 3.77 5.76 1.71 25.52 0.04 1.82
Car 0.0 0 -2.57 841.11 174.52 1159.94 296.63 1.44 1.64 4.17 5.34 1.50 10.09 -2.07 2.01
Car 0.0 0 -2.61 432.29 170.53 525.92 208.62 1.47 1.56 3.61 -5.61 1.43 30.78 -2.79 0.68
Car 0.0 0 -2.60 99.65 174.24 385.42 264.61 1.41 1.59 3.99 -6.27 1.47 12.46 -3.06 1.09
Car 0.0 0 -0.17 709.85 168.57 793.03 203.93 1.73 1.66 4.07 7.36 1.58 37.88 0.02 0.28
