Car 0.0 0 1.87 343.64 189.77 447.57 252.01 1.51 1.59 3.87 -5.76 1.98 19.78 1.59 6.21
Car 0.0 0 -1.81 726.33 179.56 866.91 274.90 1.54 1.67 4.18 3.38 1.69 14.04 -1.57 7.92
Car 0.0 0 1.97 197.99 196.56 388.87 293.55 1.41 1.66 4.33 -5.62 1.89 13.34 1.58 6.91
Car 0.0 0 1.87 435.43 187.00 503.20 225.35 1.45 1.61 3.94 -5.85 2.07 30.19 1.68 3.76
Car 0.0 0 -1.93 787.62 182.99 1092.85 353.23 1.46 1.62 4.03 3.45 1.61 8.44 -1.53 8.13
Car 0.0 0 1.39 683.95 180.84 752.01 231.50 1.46 1.57 3.73 3.37 1.75 23.50 1.53 4.40
Car 0.0 0 2.58 1041.68 144.35 1289.64 281.40 1.68 1.73 4.53 9.00 1.32 10.69 -3.00 2.63
Car 0.0 0 -1.69 651.25 179.15 691.49 209.16 1.46 1.63 4.05 3.16 1.82 38.24 -1.61 2.02
Car 0.0 0 1.77 499.90 181.35 536.09 206.43 1.49 1.59 3.74 -5.86 2.06 46.14 1.65 1.62
Car 0.0 0 -1.69 668.47 182.32 718.31 220.01 1.42 1.57 3.75 3.32 1.84 29.77 -1.58 2.40
