Car 0.0 0 -1.80 684.18 182.45 806.36 264.06 1.45 1.62 4.13 2.67 1.68 15.56 -1.63 7.36
Car 0.0 0 0.42 290.24 184.69 472.87 243.98 1.42 1.63 4.19 -5.92 1.77 18.96 0.12 4.21
Car 0.0 0 -1.75 664.48 178.96 726.08 220.59 1.40 1.59 3.90 3.07 1.66 26.99 -1.63 2.92
Car 0.0 0 -2.74 41.97 185.67 318.56 292.79 1.50 1.63 3.89 -6.86 1.77 11.64 3.02 3.60
Car 0.0 0 -1.65 643.89 172.24 675.76 200.71 1.64 1.65 4.05 3.00 1.65 44.57 -1.59 1.17
Car 0.0 0 -2.79 15.46 189.86 311.19 295.87 1.54 1.66 4.06 -7.08 1.84 11.59 2.95 2.75
Car 0.0 0 -2.65 -74.27 192.39 270.35 320.21 1.44 1.59 4.00 -6.67 1.75 9.41 3.02 1.94
Car 0.0 0 -2.56 414.31 178.24 513.14 215.93 1.44 1.59 3.67 -5.89 1.66 28.86 -2.76 0.70
Car 0.0 0 -3.12 461.25 175.49 542.99 210.02 1.51 1.60 3.62 -5.02 1.67 33.45 3.02 0.64
Car 0.0 0 -2.01 847.72 199.58 1415.49 434.55 1.59 1.59 4.08 3.16 1.82 5.11 -1.45 1.66
Car 0.0 0 -2.95 491.99 171.56 560.09 199.03 1.61 1.64 3.85 -5.22 1.56 44.65 -3.07 0.26
Car 0.0 0 -2.69 147.16 186.37 368.51 275.56 1.48 1.61 3.72 -6.66 1.79 13.68 -3.14 1.01
Car 0.0 0 -2.47 -48.63 188.91 265.88 328.19 1.40 1.53 3.84 -6.10 1.62 7.99 -3.12 1.26
