Car 0.0 0 -1.82 754.84 182.82 888.08 269.53 1.46 1.60 3.73 4.02 1.69 14.44 -1.54 7.49
Car 0.0 0 -1.75 725.71 182.65 809.98 242.51 1.44 1.63 4.03 4.25 1.75 20.24 -1.54 5.82
Car 0.0 0 -1.93 817.65 197.70 1090.42 347.38 1.42 1.61 3.86 3.93 1.75 9.02 -1.52 8.62
Car 0.0 0 1.78 451.69 185.90 523.71 235.56 1.46 1.61 3.88 -4.05 1.93 24.26 1.62 5.19
Car 0.0 0 -1.68 709.35 180.23 765.80 226.36 1.52 1.57 3.52 4.43 1.79 25.64 -1.51 4.35
Car 0.0 0 1.70 519.01 182.80 560.76 213.60 1.48 1.62 3.93 -3.67 2.04 38.11 1.60 1.99
Car 0.0 0 -1.70 693.29 180.43 741.02 218.34 1.47 1.56 3.73 4.48 1.83 30.87 -1.55 2.43
Car 0.0 0 1.75 488.33 184.12 544.99 222.27 1.47 1.65 4.09 -3.94 1.98 30.88 1.63 1.65
Car 0.0 0 -1.64 687.77 177.49 724.65 210.58 1.56 1.62 3.92 4.96 1.84 37.79 -1.51 0.72
Car 0.0 0 -2.19 924.32 176.36 991.70 205.38 1.58 1.63 3.84 20.32 1.84 42.39 -1.74 0.59
Car 0.0 0 1.82 561.84 179.83 596.54 202.01 1.53 1.61 3.85 -2.16 2.03 51.22 1.78 0.46
Car 0.0 0 -2.17 1122.47 176.07 1219.78 226.20 1.66 1.59 3.64 20.24 1.83 26.14 -1.50 0.83
